6,10,0,6,2024,610000,60762,75437,30298982,0,0,0,32319,35226,30296075,127829,0,0,0,20974,158367,7637,113014,81324,38164691,35715755,0,0,82777,234487,0,0,239526,53892,36096300,2068391,38164691,-497845,0,0,35715755,9564,0,0,5039,17397,4351,0,0,493580,1050000,0,101825,920831,7191780,135943,26956,7354679
6,20,0,6,2024,620000,636754,63204,34849698,0,0,0,27570,26809,34850459,131105,0,0,0,28685,159790,3192,154357,39592,45055503,42924176,0,0,33045,297179,0,0,297179,41823,43300598,1754905,45055503,-950835,0,0,42924176,0,0,0,0,7987,4375,0,0,568058,0,63668,413,2073602,9048386,89107,2674,9140168
6,22,0,6,2024,622000,1387228,1032,154409427,0,0,0,122144,36776,154494796,1569859,0,0,0,84778,1673655,1944,2272,405515,181867509,166907196,0,4755957,255536,1132740,0,0,1153889,77707,173123475,8744035,181867509,-555370,0,-28811,171634342,19017,0,0,21150,0,2000,0,0,5979700,0,0,0,3319705,23863943,10361,26764,23901068
7,10,261,6,2024,710261,22,6713,2389600,0,0,0,13009,3136,2399473,29176,0,0,0,3,29178,0,18542,4686,2501207,0,2170592,545,11201,0,7075,14,7089,2980,2192575,308632,2501207,783,0,0,2171136,0,0,0,0,0,168,0,0,4028,0,47596,117182,139042,215,42377,0,42592
7,10,269,6,2024,710269,8,23538,2932048,0,0,0,6414,11055,2927407,43261,0,0,0,2508,45769,3255,25876,653,3279760,0,2769333,21329,14014,0,10827,49,10876,1116,2817188,462572,3279760,1776,0,0,2790663,0,0,0,0,0,520,0,0,4230,80000,72711,54882,248972,197037,54176,2040,253253
7,10,454,6,2024,710454,44,5333,2974543,0,0,0,1390,5631,2970302,27674,0,0,0,0,27674,2528,5391,2847,3066139,0,2550215,1524,13268,0,8237,5,8241,2239,2575748,490391,3066139,22,0,0,2551739,0,0,0,0,0,260,0,0,6245,0,124214,89774,270136,0,51039,980,52019
7,10,549,6,2024,710549,2,1307,691166,0,0,0,421,1283,690303,8825,0,0,0,0,8825,516,6068,85,718678,0,579136,0,3149,0,2014,0,2014,448,584825,133853,718678,214,0,0,579136,0,0,0,0,0,79,0,0,2022,0,0,0,131617,0,11363,209,11572
7,10,551,6,2024,710551,10,1583,678172,0,0,0,11398,5859,683711,4496,0,0,0,0,4496,2739,7645,704,713293,0,600240,0,5343,0,1689,0,1689,520,607797,105497,713293,97,0,0,600240,0,0,0,0,0,5,0,0,2558,0,0,0,102842,0,12152,253,12405
7,10,566,6,2024,710566,0,64505,12446167,0,0,55,32012,30135,12448098,113683,0,0,0,15,113698,19370,84267,18147,12999754,0,10937539,10410,66679,0,37663,173,37836,13147,11066056,1933698,12999754,2740,0,0,10947949,0,0,0,0,0,446,0,0,28210,200000,0,940472,762276,840,214636,36193,251669
7,10,862,6,2024,710862,138,696,372882,0,0,0,669,1101,372451,2942,0,0,0,0,2942,0,5479,103,388418,0,316614,0,753,0,975,0,975,722,319086,69333,388418,67,0,0,316614,0,0,0,0,0,21,0,0,1172,0,0,23929,44165,0,6427,182,6609
7,10,924,6,2024,710924,40,2475,1028104,0,0,0,2871,3035,1027940,13129,0,0,0,0,13129,105,4435,633,1066958,0,856875,3,5184,0,2478,44,2523,919,865536,201422,1066958,30,0,0,856877,0,0,0,0,0,32,0,0,2989,0,0,0,198403,0,17756,444,18201
7,10,973,6,2024,710973,9,2303,1041413,0,0,0,361,1464,1040310,14991,0,0,0,0,14991,0,4422,166,1080291,0,886960,0,2996,0,2542,0,2542,13652,906170,174121,1080291,167,0,0,886960,0,0,0,0,0,20,0,0,4291,0,0,0,169662,0,17789,301,18090
7,10,981,6,2024,710981,25,4163,1507563,0,0,1975,209,3013,1506735,15718,0,0,27,7,15752,307,19743,852,1574249,0,1321308,101,4570,0,4274,1,4275,14086,1344384,229865,1574249,487,0,0,1321408,0,0,0,0,0,44,0,0,5583,0,10239,62453,151102,841,25396,436,26673
7,10,985,6,2024,710985,12,3390,1093975,0,0,0,6759,4679,1096055,12117,0,0,0,0,12117,395,15807,3498,1150700,0,986922,0,3105,0,3198,1,3199,2206,995865,154835,1150700,286,0,0,986922,0,0,0,0,0,433,0,0,3481,0,0,0,151068,0,18748,679,19427
7,10,990,6,2024,710990,19,2559,1331199,0,0,0,6732,11072,1326860,13523,0,0,0,0,13523,0,6695,1115,1374333,0,1125636,0,4505,0,3577,0,3577,1867,1135651,238682,1374333,344,0,0,1125636,0,0,0,0,0,65,0,0,4528,0,0,0,233810,0,23047,516,23563
7,20,33,6,2024,720033,0,13420,3155644,0,0,309,9248,15467,3149734,33855,0,0,5,0,33860,549,27289,1178,3315946,0,2622289,1205,3153,0,7954,0,7954,24081,2659205,656741,3315946,-7010,0,0,2623494,0,0,0,0,0,523,0,0,53068,0,0,256357,354325,0,88588,1328,89916
7,20,40,6,2024,720040,846,2618,749316,0,0,0,1207,2523,748000,8518,0,0,0,0,8518,0,5031,184,778418,0,621838,65,669,0,1846,0,1846,2244,626718,151699,778418,0,0,0,621903,0,0,0,0,807,56,0,0,4606,0,0,102818,44276,0,12196,218,12414
7,20,60,6,2024,720060,418,539,168926,0,0,0,1269,1453,168743,1100,0,0,0,0,1100,924,812,103,175093,0,111294,0,345,0,437,0,437,1134,113420,61673,175093,0,0,0,111294,0,0,0,0,0,209,0,0,514,0,0,0,61160,0,2324,130,2454
7,20,66,6,2024,720066,107,16178,4319449,0,0,490,17847,17201,4320585,42639,0,0,2,3,42644,11,43451,8424,4507122,0,3623952,257,4053,0,12616,0,12616,34059,3676901,830220,4507122,-105,0,0,3624209,0,0,0,0,2765,1963,0,0,22669,0,96458,54838,656361,629,69067,3261,72957
7,20,131,6,2024,720131,3,2436,679202,0,5025,143,3941,9459,678852,11348,0,96,5,43,11491,236,3897,761,713350,0,574400,5602,646,0,2022,0,2022,3020,586099,127252,713350,-100,0,0,580002,0,0,0,0,0,408,0,0,1993,0,0,76627,48732,4827,10508,339,15673
7,20,143,6,2024,720143,41,2465,789211,0,0,0,1226,1594,788843,6569,0,0,0,0,6569,0,1880,1149,812776,0,595812,0,721,0,1473,0,1473,3652,601834,210942,812776,30,0,0,595812,0,0,0,0,10,177,0,0,5402,0,0,0,205510,0,11369,452,11821
7,20,168,6,2024,720168,2,4311,626121,0,4469,307,4945,5569,630273,8402,0,98,4,31,8535,567,3953,297,674232,0,534781,34,516,0,1849,0,1849,2525,540161,134071,674232,0,0,0,534815,0,0,0,0,0,456,0,0,1636,0,0,9707,122728,3964,22049,281,26294
7,20,186,6,2024,720186,0,1636,389454,0,0,204,274,1572,388360,3208,0,0,1,0,3209,0,1809,179,401366,0,298142,991,788,0,1011,19,1029,1704,302793,98573,401366,0,0,0,299132,0,0,0,0,0,139,0,0,1537,0,0,36420,60616,0,5881,292,6173
7,20,188,6,2024,720188,11,5560,851218,0,4,0,5028,3022,853227,4799,0,0,0,865,5665,852,4317,4617,971369,0,809014,0,827,0,2841,0,2841,8287,821205,150164,971369,616,0,0,809014,0,0,0,0,260,236,0,0,1236,0,0,16406,131907,80276,16235,349,96860
7,20,194,6,2024,720194,128,6663,2211667,0,0,0,22466,5849,2228285,14001,0,0,0,0,14001,150,12869,2786,2298678,0,1774316,0,1441,0,5401,0,5401,9584,1791286,507392,2298678,-21,0,0,1774316,0,0,0,0,0,543,0,0,10969,0,0,92568,403877,0,32815,981,33796
7,20,336,6,2024,720336,14,5569,1480799,0,0,270,8938,5452,1484555,17193,0,0,6,0,17199,0,18984,2146,1550565,0,1231813,6275,2229,0,4162,0,4162,14334,1259415,291151,1550565,95,0,0,1238089,0,0,0,0,56,602,0,0,5029,0,0,40432,245595,0,21025,1016,22041
7,20,345,6,2024,720345,12,23388,6833547,0,0,0,25554,19405,6839696,41887,0,0,0,0,41887,1637,29027,5601,7050083,0,5719702,129,10962,0,19629,0,19629,25699,5778538,1271545,7050083,-147,0,0,5719831,0,0,0,0,360,2417,0,0,21870,0,267216,617439,365166,0,104588,3886,108474
7,20,376,6,2024,720376,14,5965,1510902,0,4415,224,5909,4326,1517124,11128,0,59,1,15,11202,1446,7914,2024,1572975,0,1170902,12550,4215,0,4324,0,4324,6733,1199695,373280,1572975,-140,0,0,1183452,0,0,0,0,10,971,0,0,2814,0,7873,148283,214450,1705,24665,906,27276
7,20,440,6,2024,720440,15,10860,2689303,0,0,401,10145,13635,2686214,36899,0,0,2,12,36912,722,20112,4041,2803610,0,2244118,91,2216,0,7607,0,7607,16947,2270979,532630,2803610,-180,0,0,2244209,0,0,0,0,0,0,0,0,25459,0,65531,333883,107938,2362,41111,1261,44734
7,20,899,6,2024,720899,192,12879,3174533,0,0,0,5590,7634,3172489,49436,0,0,0,968,50405,718,6926,3230,3342961,0,2775128,2140,2368,0,8713,0,8713,11253,2800118,542843,3342961,0,0,0,2777267,0,0,0,0,0,516,0,0,8348,5585,0,366076,162835,36421,53265,6435,96121
7,20,922,6,2024,720922,617,1882,617353,0,0,29,2974,2103,618253,9800,0,0,0,0,9800,826,7480,99,649005,0,504518,5153,1463,0,1660,0,1660,3513,516307,132698,649005,0,0,0,509671,0,0,0,0,288,0,0,0,4951,0,15817,61416,50514,0,9388,372,9760
7,22,12,6,2024,722012,0,38110,12624218,0,0,847,44057,38810,12630312,104423,0,0,4,0,104427,3338,50578,41757,13377264,0,10629613,9903,66154,0,104087,0,104087,33351,10853177,2524087,13377264,-2238,0,0,10639516,0,0,0,0,0,10069,0,0,26790,0,0,499090,2000445,0,474584,34158,508742
7,22,114,6,2024,722114,0,6107,1438598,0,0,0,7658,2874,1443382,22520,0,0,0,0,22520,783,12035,8070,1547800,0,1155341,0,7658,0,12270,0,12270,4492,1180297,367503,1547800,-885,0,0,1155341,0,0,0,0,0,536,0,0,1927,0,0,130602,235859,0,54472,431,54903
7,22,146,6,2024,722146,0,15403,6238522,0,0,0,23829,13900,6248451,81213,0,0,0,5335,86548,2064,28485,22702,7057149,0,5702195,0,5708,0,56727,0,56727,13321,5780467,1276681,7057149,-1128,0,0,5702195,0,0,0,0,0,2516,0,0,8237,0,0,0,1269573,386423,232549,34524,653496
7,22,198,6,2024,722198,43303,115488,39021491,0,1154156,0,97781,66000,40207428,588127,0,10681,0,17853,616661,9865,233756,23038,44371765,0,35922715,0,69861,0,338897,0,338897,84446,36427918,7943846,44371765,0,0,0,35922715,0,0,0,0,0,12000,0,0,0,0,0,1973866,5969980,1471365,1421003,229857,3122225
7,22,216,6,2024,722216,3701,27169,14016055,0,0,0,52207,24807,14043455,170050,0,0,0,0,170050,5846,47772,72953,14850750,0,11878182,0,78401,0,129954,0,129954,22487,12113659,2737092,14850750,-7079,0,0,11878182,0,0,0,0,0,4635,0,0,0,0,662638,0,2081532,0,453177,26628,479804
7,22,233,6,2024,722233,0,53216,33075151,0,0,0,185700,46544,33214307,352478,0,0,0,26031,378509,9860,220233,93786,37274403,0,30482480,5727,161134,0,282759,0,282759,46601,30988760,6285644,37274403,-1214,0,0,30488207,0,0,0,0,0,10059,0,0,88071,0,219777,0,5979009,1917680,1249224,137590,3304493
7,22,313,6,2024,722313,0,3756,1833625,0,0,0,11978,3459,1842144,16640,0,0,0,0,16640,1239,17384,10252,1958073,0,1520215,17325,4826,0,14220,0,14220,3969,1561180,396892,1958073,0,0,0,1537540,0,0,0,0,0,625,0,0,6222,0,0,0,390671,0,61355,5304,66658
7,22,350,6,2024,722350,0,5009,2319619,0,0,0,12657,6494,2325782,33029,0,0,0,2,33031,860,8301,8168,2458015,0,1943172,88,6731,0,17867,0,17867,4303,1972915,485100,2458015,-589,0,0,1943260,0,0,0,0,0,755,0,0,3541,0,0,0,482149,26,76393,444,76864
7,22,406,6,2024,722406,0,2252,907543,0,0,0,173,858,906858,17018,0,0,0,424,17442,77,5125,5283,1002711,0,776402,240,3340,0,6741,0,6741,1546,788289,214422,1002711,29,0,0,776642,0,0,0,0,0,20,0,0,1657,0,0,0,212736,29324,36096,254,65674
7,22,644,6,2024,722644,0,14511,6384966,0,0,0,22716,13419,6394263,77653,0,0,0,0,77653,1842,33422,23491,6820990,0,5477614,18956,25887,0,51845,0,51845,9663,5585022,1235968,6820990,-730,0,0,5496570,0,0,0,0,0,1057,0,0,12360,0,0,0,1224337,0,241758,34051,275808
7,22,918,6,2024,722918,2400,151489,28940113,3579,0,0,305823,125295,29124221,317670,0,0,0,14024,331694,10002,119576,286851,33034188,0,27123675,16262,242399,0,265044,0,265598,145039,28001878,5032310,33034188,-6969,0,0,27339937,0,200000,554,0,8908,8904,0,0,10994,100000,1780603,901794,2245888,1764537,1105854,128656,2999047
7,25,31,6,2024,725031,1053,882,399136,0,0,0,3139,2777,399498,7009,0,0,0,0,7009,0,1314,1664,419394,0,306043,33298,466,0,824,684,1508,238,341748,77645,419394,0,0,0,339341,0,0,0,0,0,195,0,0,521,0,0,32245,44879,0,7826,147,7973
7,25,131,6,2024,725131,1481,4463,1984967,0,0,0,23338,3842,2004463,27016,0,0,0,0,27016,1848,15973,12875,2125265,0,1719216,10941,1628,0,5357,100,5457,5252,1742966,382298,2125265,-3,0,0,1730157,0,0,0,0,0,473,0,0,3739,0,55558,0,323005,0,51332,5813,57145
7,25,203,6,2024,725203,45825,91600,20372537,0,0,5793,354592,18239,20714683,253178,0,0,30,0,253208,14182,121978,124136,21963867,0,17579829,234038,131146,0,105303,183,105786,14115,18264083,3699784,21963867,-13813,0,0,18011874,0,198007,300,0,0,1162,0,0,11706,300000,935386,239507,2226998,0,550420,47837,598256
7,25,247,6,2024,725247,689,2635,1361027,0,0,0,9331,1676,1368683,27179,0,0,0,0,27179,2,11045,10405,1452676,0,1084327,39966,60,0,2879,739,3618,7849,1135820,316857,1452676,0,0,0,1124292,0,0,0,0,0,0,0,0,1534,0,0,188942,126380,0,31592,446,32038
7,25,326,6,2024,725326,27049,30515,11893574,0,0,386,35826,76170,11853616,68239,0,0,0,0,68239,0,26791,16326,12348243,0,9877748,3017,77520,0,37674,0,39580,66691,10083245,2264998,12348243,-46972,0,0,9880765,0,0,0,1906,0,18689,0,0,19202,0,354163,1106018,832586,0,301579,24128,325707
7,25,355,6,2024,725355,27787,106680,29827409,0,0,1359,184864,160500,29853132,387397,0,0,14,10471,397883,7012,100980,84723,33354660,0,26325742,758932,203103,0,183234,0,183235,99368,27594879,5759781,33354660,-42262,0,0,27084674,0,0,0,0,0,24500,0,0,0,0,2149282,2210421,1442340,1817447,852333,106683,2776462
7,25,429,6,2024,725429,10191,16064,1825075,0,0,0,13689,1924,1836840,31416,0,0,0,0,31416,0,16483,5202,1966523,0,1566786,15545,12039,0,5446,157,5603,1801,1602498,364025,1966523,-3,0,0,1582331,0,0,0,0,0,724,0,0,1807,19219,69380,0,273622,0,50004,322,50326
7,25,450,6,2024,725450,2931,956,4452705,0,0,0,66249,10241,4508713,79169,0,0,0,0,79169,0,18081,16156,4735884,0,3790499,107647,2613,0,13287,92,13378,3638,3919538,816345,4735884,1,0,0,3898146,0,0,0,0,0,1763,0,0,1897,0,0,579453,234994,1808,108071,0,109878
7,25,466,6,2024,725466,1553,6902,744702,0,0,0,6984,2707,748979,14223,0,0,0,0,14223,0,6565,1575,796876,0,611553,19814,3862,0,2141,90,2231,1877,639966,156910,796876,0,0,0,631367,0,0,0,0,0,629,0,0,549,0,0,0,156361,0,16938,142,17080
7,25,488,6,2024,725488,1476,1946,1022095,0,0,0,1810,1217,1022688,16211,0,0,0,0,16211,448,796,5163,1072716,0,815891,22424,1064,0,2749,125,2874,2220,844711,228005,1072716,-406,0,0,838315,0,0,0,0,0,238,0,0,822,0,0,0,227589,0,23728,260,23988
7,25,629,6,2024,725629,9424,3702,1849288,0,0,0,4207,2559,1850937,43342,0,0,0,0,43342,0,9804,12575,1974780,0,1598762,16107,1310,0,5105,114,5219,7622,1630053,344728,1974780,-1674,0,0,1614869,0,0,0,0,0,1032,0,0,2898,0,146591,0,196913,0,44422,575,44996
7,25,676,6,2024,725676,882,3801,1563748,0,0,0,4077,3226,1564598,30416,0,0,0,0,30416,0,9386,10211,1661961,0,1260244,59864,620,0,5116,0,5116,3072,1329194,332767,1661961,0,0,0,1320107,0,0,0,0,0,278,0,0,710,0,0,0,332057,0,40366,2300,42667
7,25,715,6,2024,725715,2250,981,494543,0,0,0,3,1229,493317,10380,0,0,0,0,10380,0,2883,3213,523670,0,391356,12826,445,0,900,40,940,417,406239,117431,523670,0,0,0,404182,0,0,0,0,0,256,0,0,721,0,0,0,116710,0,10479,168,10647
7,25,818,6,2024,725818,864,29590,2397170,0,0,0,45313,18474,2424009,52327,0,0,0,0,52327,0,9294,14548,2591768,0,2065072,54971,3078,0,7173,1254,8427,7801,2141533,450235,2591768,32,0,0,2120042,0,0,0,0,0,2184,0,0,1347,0,141442,142989,164425,0,60618,517,61135
7,25,839,6,2024,725839,0,12757,2916982,0,0,0,26515,3400,2940096,44183,0,0,0,381,44564,0,20284,7770,3154252,0,2525953,0,9499,0,8564,0,8564,940,2545755,608496,3154252,0,0,0,2525953,0,0,0,0,0,800,0,0,0,0,0,0,608496,42350,68521,17910,128781
7,25,940,6,2024,725940,2744,3646,1562449,0,0,0,3328,1877,1563899,25909,0,0,0,0,25909,1392,12001,8083,1658194,0,1298060,25782,1280,0,4006,90,4096,3761,1333481,324713,1658194,0,0,0,1323842,0,0,0,0,0,503,0,0,1872,7519,0,0,315321,0,37996,2524,40520
8,10,586,6,2024,810586,6,2112,1060872,0,0,0,2864,2720,1061017,20822,0,0,0,0,20822,0,2584,210,1107213,0,926839,0,2420,0,3073,0,3073,516,932925,174289,1107213,230,0,0,926839,0,0,0,0,0,76,0,0,2413,0,0,0,171645,0,20260,202,20462
9,25,0,6,2024,925000,284905,402019,150176881,0,0,0,171960,684090,149664751,865855,0,0,0,172869,1073962,3,56286,1147344,193473193,175311496,0,2382894,873237,1333189,0,7035,1435548,1646890,181560195,11912998,193473193,-1469214,0,-160786,177533603,35239,0,0,95325,0,70916,0,0,4095750,1925205,0,3437439,3923818,40563059,147266,133598,40843923
20,0,2,6,2024,2000002,1061,33998,0,0,0,0,0,0,0,0,0,0,0,0,0,0,1331,29939,66329,0,0,0,3892,0,0,0,0,49462,53353,12976,66329,-11124,0,0,0,0,0,0,0,0,0,0,0,0,0,1933,44918,-22751,0,0,0,0
20,0,4,6,2024,2000004,1554,61641,4218398,0,0,0,21661,35807,4204252,0,0,0,0,0,0,0,0,187398,4454844,0,3003577,0,22097,0,8826,0,8826,858543,3893043,561802,4454844,0,0,0,3003577,0,0,0,0,0,0,0,0,30766,0,283000,0,248036,0,0,0,0
20,0,7,6,2024,2000007,12799,1935,0,0,0,0,0,0,0,0,0,0,0,0,0,0,15748,19571,50675,0,0,0,4780,0,0,0,0,19876,24656,26020,50675,-3336,0,0,0,0,0,0,0,0,0,0,0,27800,0,0,0,1556,0,0,623,623
20,0,9,6,2024,2000009,6516,0,0,0,0,0,0,0,0,0,0,0,0,0,0,0,941,11222,18886,0,0,0,791,0,0,0,0,5772,6563,12323,18886,-13,0,0,0,0,0,0,0,0,0,0,0,240,0,0,7561,4535,0,13,194,207
20,0,11,6,2024,2000011,1429,213,0,0,0,0,0,0,0,0,0,0,0,0,0,0,363,1094,3099,0,0,0,28,0,0,0,0,1354,1382,1718,3099,0,0,0,0,0,0,0,0,0,0,0,0,1169,0,0,0,549,0,0,0,0
20,0,12,6,2024,2000012,0,31,0,0,0,0,0,0,0,0,0,0,0,0,0,0,45139,7058,52244,0,21205,0,327,0,316,0,316,6847,28695,23549,52244,2,0,0,21205,0,0,0,0,0,0,0,0,22500,0,0,0,1047,,16,0,16
