6,10,0,6,2024,610000,10,0,0,896202,893895,15,0,0,49086,49074,17,0,0,18615,18233,25,0,0,0,0,29,0,0,0,0,35,0,0,0,0,40,0,0,339032,339032,41,0,0,300000,300321,50,0,0,0,0,51,0,0,0,0,52,0,0,0,0,60,0,0,0,0,62,0,0,1762394,1565666,64,0,0,0,0,65,0,0,0,0,66,0,0,0,0,68,0,0,1566701,1431841,69,0,0,0,0,71,0,0,1455614,1218947,72,0,0,1141999,1139484,73,0,0,0,0,81,0,0,77986,76754,82,0,0,40000,39686,86,0,0,8438,7575,87,0,0,0,0,88,0,0,0,0,95,0,0,72798,72559,99,0,0,7767574,7191780,141,0,0,0,0,142,0,0,0,0,143,0,0,0,0,144,0,0,0,0,145,0,0,38709,38713,146,0,0,0,0,180,0,,,
6,20,0,6,2024,620000,10,0,0,42422,41853,15,0,0,2637881,2256839,17,0,0,0,0,25,0,0,0,0,29,0,0,0,0,35,0,0,0,0,40,0,0,0,0,41,0,0,0,0,50,0,0,940000,940000,51,0,0,0,0,52,0,0,0,0,60,0,0,0,0,62,0,0,928123,870804,64,0,0,0,0,65,0,0,0,0,66,0,0,0,0,68,0,0,2415161,2007384,69,0,0,0,0,71,0,0,365833,297022,72,0,0,2272292,2238902,73,0,0,0,0,81,9921,9498,0,0,82,0,0,0,0,86,171,169,0,0,87,0,0,0,0,88,0,0,0,0,95,0,0,0,0,99,10092,9666,9989356,9038295,141,0,0,387644,385490,142,0,0,0,0,143,0,0,0,0,144,0,0,0,0,145,0,0,0,0,146,0,0,0,0,180,0,,,
6,22,0,6,2024,622000,10,0,0,6507939,6458440,15,0,0,0,0,17,0,0,0,0,25,0,0,0,0,29,0,0,0,0,35,0,0,0,0,40,0,0,0,0,41,0,0,2500056,2500059,50,0,0,1600000,1600000,51,0,0,0,0,52,0,0,6325463,6322864,60,0,0,0,0,62,0,0,6097141,5615082,64,0,0,0,0,65,0,0,0,0,66,0,0,0,0,68,0,0,1223968,1056652,69,0,0,0,0,71,0,0,0,0,72,0,0,0,0,73,0,0,0,0,81,0,0,0,0,82,0,0,0,0,86,0,0,0,0,87,0,0,0,0,88,0,0,0,0,95,0,0,0,0,99,0,0,24565665,23863943,141,0,0,0,0,142,0,0,0,0,143,0,0,78231,78678,144,0,0,0,0,145,0,0,232867,232168,146,0,0,0,0,180,0,,,
7,10,261,6,2024,710261,10,0,0,0,0,15,0,0,0,0,17,0,0,0,0,25,0,0,0,0,29,0,0,0,0,35,0,0,0,0,40,0,0,0,0,41,0,0,0,0,50,0,0,0,0,51,0,0,0,0,52,0,0,0,0,60,0,0,0,0,62,0,0,0,0,64,0,0,0,0,65,0,0,0,0,66,0,0,0,0,68,0,0,0,0,69,0,0,0,0,71,0,0,0,0,72,0,0,0,0,73,0,0,0,0,81,0,0,0,0,82,0,0,0,0,86,215,208,0,0,87,0,0,0,0,88,0,0,0,0,95,0,0,0,0,99,215,208,0,0,141,0,0,0,0,142,0,0,0,0,143,0,0,0,0,144,0,0,0,0,145,0,0,0,0,146,0,0,0,0,180,0,,,
7,10,269,6,2024,710269,10,0,0,0,0,15,0,0,195988,196915,17,0,0,0,0,25,0,0,0,0,29,0,0,0,0,35,0,0,0,0,40,0,0,0,0,41,0,0,0,0,50,0,0,0,0,51,0,0,0,0,52,0,0,0,0,60,0,0,0,0,62,0,0,0,0,64,0,0,0,0,65,0,0,0,0,66,0,0,0,0,68,0,0,0,0,69,0,0,0,0,71,0,0,0,0,72,0,0,0,0,73,0,0,0,0,81,0,0,0,0,82,0,0,0,0,86,122,114,0,0,87,0,0,0,0,88,0,0,0,0,95,0,0,0,0,99,122,114,195988,196915,141,0,0,0,0,142,0,0,0,0,143,0,0,0,0,144,0,0,0,0,145,0,0,0,0,146,0,0,0,0,180,0,,,
7,10,454,6,2024,710454,10,0,0,0,0,15,0,0,0,0,17,0,0,0,0,25,0,0,0,0,29,0,0,0,0,35,0,0,0,0,40,0,0,0,0,41,0,0,0,0,50,0,0,0,0,51,0,0,0,0,52,0,0,0,0,60,0,0,0,0,62,0,0,0,0,64,0,0,0,0,65,0,0,0,0,66,0,0,0,0,68,0,0,0,0,69,0,0,0,0,71,0,0,0,0,72,0,0,0,0,73,0,0,0,0,81,0,0,0,0,82,0,0,0,0,86,0,0,0,0,87,0,0,0,0,88,0,0,0,0,95,0,0,0,0,99,0,0,0,0,141,0,0,0,0,142,0,0,0,0,143,0,0,0,0,144,0,0,0,0,145,0,0,0,0,146,0,0,0,0,180,0,,,
7,10,549,6,2024,710549,10,0,0,0,0,15,0,0,0,0,17,0,0,0,0,25,0,0,0,0,29,0,0,0,0,35,0,0,0,0,40,0,0,0,0,41,0,0,0,0,50,0,0,0,0,51,0,0,0,0,52,0,0,0,0,60,0,0,0,0,62,0,0,0,0,64,0,0,0,0,65,0,0,0,0,66,0,0,0,0,68,0,0,0,0,69,0,0,0,0,71,0,0,0,0,72,0,0,0,0,73,0,0,0,0,81,0,0,0,0,82,0,0,0,0,86,0,0,0,0,87,0,0,0,0,88,0,0,0,0,95,0,0,0,0,99,0,0,0,0,141,0,0,0,0,142,0,0,0,0,143,0,0,0,0,144,0,0,0,0,145,0,0,0,0,146,0,0,0,0,180,0,,,
7,10,551,6,2024,710551,10,0,0,0,0,15,0,0,0,0,17,0,0,0,0,25,0,0,0,0,29,0,0,0,0,35,0,0,0,0,40,0,0,0,0,41,0,0,0,0,50,0,0,0,0,51,0,0,0,0,52,0,0,0,0,60,0,0,0,0,62,0,0,0,0,64,0,0,0,0,65,0,0,0,0,66,0,0,0,0,68,0,0,0,0,69,0,0,0,0,71,0,0,0,0,72,0,0,0,0,73,0,0,0,0,81,0,0,0,0,82,0,0,0,0,86,0,0,0,0,87,0,0,0,0,88,0,0,0,0,95,0,0,0,0,99,0,0,0,0,141,0,0,0,0,142,0,0,0,0,143,0,0,0,0,144,0,0,0,0,145,0,0,0,0,146,0,0,0,0,180,0,,,
7,10,566,6,2024,710566,10,0,0,0,0,15,0,0,0,0,17,0,0,0,0,25,0,0,0,0,29,0,0,0,0,35,0,0,0,0,40,0,0,0,0,41,0,0,0,0,50,0,0,0,0,51,0,0,0,0,52,0,0,0,0,60,0,0,0,0,62,0,0,0,0,64,0,0,0,0,65,0,0,0,0,66,0,0,0,0,68,0,0,0,0,69,0,0,0,0,71,0,0,0,0,72,0,0,0,0,73,0,0,0,0,81,0,0,0,0,82,0,0,0,0,86,840,810,0,0,87,0,0,0,0,88,0,0,0,0,95,0,0,0,0,99,840,810,0,0,141,0,0,0,0,142,0,0,0,0,143,0,0,0,0,144,0,0,0,0,145,0,0,0,0,146,0,0,0,0,180,0,,,
7,10,862,6,2024,710862,10,0,0,0,0,15,0,0,0,0,17,0,0,0,0,25,0,0,0,0,29,0,0,0,0,35,0,0,0,0,40,0,0,0,0,41,0,0,0,0,50,0,0,0,0,51,0,0,0,0,52,0,0,0,0,60,0,0,0,0,62,0,0,0,0,64,0,0,0,0,65,0,0,0,0,66,0,0,0,0,68,0,0,0,0,69,0,0,0,0,71,0,0,0,0,72,0,0,0,0,73,0,0,0,0,81,0,0,0,0,82,0,0,0,0,86,0,0,0,0,87,0,0,0,0,88,0,0,0,0,95,0,0,0,0,99,0,0,0,0,141,0,0,0,0,142,0,0,0,0,143,0,0,0,0,144,0,0,0,0,145,0,0,0,0,146,0,0,0,0,180,0,,,
7,10,924,6,2024,710924,10,0,0,0,0,15,0,0,0,0,17,0,0,0,0,25,0,0,0,0,29,0,0,0,0,35,0,0,0,0,40,0,0,0,0,41,0,0,0,0,50,0,0,0,0,51,0,0,0,0,52,0,0,0,0,60,0,0,0,0,62,0,0,0,0,64,0,0,0,0,65,0,0,0,0,66,0,0,0,0,68,0,0,0,0,69,0,0,0,0,71,0,0,0,0,72,0,0,0,0,73,0,0,0,0,81,0,0,0,0,82,0,0,0,0,86,0,0,0,0,87,0,0,0,0,88,0,0,0,0,95,0,0,0,0,99,0,0,0,0,141,0,0,0,0,142,0,0,0,0,143,0,0,0,0,144,0,0,0,0,145,0,0,0,0,146,0,0,0,0,180,0,,,
7,10,973,6,2024,710973,10,0,0,0,0,15,0,0,0,0,17,0,0,0,0,25,0,0,0,0,29,0,0,0,0,35,0,0,0,0,40,0,0,0,0,41,0,0,0,0,50,0,0,0,0,51,0,0,0,0,52,0,0,0,0,60,0,0,0,0,62,0,0,0,0,64,0,0,0,0,65,0,0,0,0,66,0,0,0,0,68,0,0,0,0,69,0,0,0,0,71,0,0,0,0,72,0,0,0,0,73,0,0,0,0,81,0,0,0,0,82,0,0,0,0,86,0,0,0,0,87,0,0,0,0,88,0,0,0,0,95,0,0,0,0,99,0,0,0,0,141,0,0,0,0,142,0,0,0,0,143,0,0,0,0,144,0,0,0,0,145,0,0,0,0,146,0,0,0,0,180,0,,,
7,10,981,6,2024,710981,10,0,0,0,0,15,0,0,0,0,17,0,0,0,0,25,0,0,0,0,29,0,0,0,0,35,0,0,0,0,40,0,0,0,0,41,0,0,0,0,50,0,0,0,0,51,0,0,0,0,52,0,0,0,0,60,0,0,0,0,62,0,0,0,0,64,0,0,0,0,65,0,0,0,0,66,0,0,0,0,68,0,0,0,0,69,0,0,0,0,71,0,0,0,0,72,0,0,0,0,73,0,0,0,0,81,0,0,0,0,82,0,0,0,0,86,841,846,0,0,87,0,0,0,0,88,0,0,0,0,95,0,0,0,0,99,841,846,0,0,141,0,0,0,0,142,0,0,0,0,143,0,0,0,0,144,0,0,0,0,145,0,0,0,0,146,0,0,0,0,180,0,,,
7,10,985,6,2024,710985,10,0,0,0,0,15,0,0,0,0,17,0,0,0,0,25,0,0,0,0,29,0,0,0,0,35,0,0,0,0,40,0,0,0,0,41,0,0,0,0,50,0,0,0,0,51,0,0,0,0,52,0,0,0,0,60,0,0,0,0,62,0,0,0,0,64,0,0,0,0,65,0,0,0,0,66,0,0,0,0,68,0,0,0,0,69,0,0,0,0,71,0,0,0,0,72,0,0,0,0,73,0,0,0,0,81,0,0,0,0,82,0,0,0,0,86,0,0,0,0,87,0,0,0,0,88,0,0,0,0,95,0,0,0,0,99,0,0,0,0,141,0,0,0,0,142,0,0,0,0,143,0,0,0,0,144,0,0,0,0,145,0,0,0,0,146,0,0,0,0,180,0,,,
7,10,990,6,2024,710990,10,0,0,0,0,15,0,0,0,0,17,0,0,0,0,25,0,0,0,0,29,0,0,0,0,35,0,0,0,0,40,0,0,0,0,41,0,0,0,0,50,0,0,0,0,51,0,0,0,0,52,0,0,0,0,60,0,0,0,0,62,0,0,0,0,64,0,0,0,0,65,0,0,0,0,66,0,0,0,0,68,0,0,0,0,69,0,0,0,0,71,0,0,0,0,72,0,0,0,0,73,0,0,0,0,81,0,0,0,0,82,0,0,0,0,86,0,0,0,0,87,0,0,0,0,88,0,0,0,0,95,0,0,0,0,99,0,0,0,0,141,0,0,0,0,142,0,0,0,0,143,0,0,0,0,144,0,0,0,0,145,0,0,0,0,146,0,0,0,0,180,0,,,
7,20,33,6,2024,720033,10,0,0,0,0,15,0,0,0,0,17,0,0,0,0,25,0,0,0,0,29,0,0,0,0,35,0,0,0,0,40,0,0,0,0,41,0,0,0,0,50,0,0,0,0,51,0,0,0,0,52,0,0,0,0,60,0,0,0,0,62,0,0,0,0,64,0,0,0,0,65,0,0,0,0,66,0,0,0,0,68,0,0,0,0,69,0,0,0,0,71,0,0,0,0,72,0,0,0,0,73,0,0,0,0,81,0,0,0,0,82,0,0,0,0,86,0,0,0,0,87,0,0,0,0,88,0,0,0,0,95,0,0,0,0,99,0,0,0,0,141,0,0,0,0,142,0,0,0,0,143,0,0,0,0,144,0,0,0,0,145,0,0,0,0,146,0,0,0,0,180,0,,,
7,20,40,6,2024,720040,10,0,0,0,0,15,0,0,0,0,17,0,0,0,0,25,0,0,0,0,29,0,0,0,0,35,0,0,0,0,40,0,0,0,0,41,0,0,0,0,50,0,0,0,0,51,0,0,0,0,52,0,0,0,0,60,0,0,0,0,62,0,0,0,0,64,0,0,0,0,65,0,0,0,0,66,0,0,0,0,68,0,0,0,0,69,0,0,0,0,71,0,0,0,0,72,0,0,0,0,73,0,0,0,0,81,0,0,0,0,82,0,0,0,0,86,0,0,0,0,87,0,0,0,0,88,0,0,0,0,95,0,0,0,0,99,0,0,0,0,141,0,0,0,0,142,0,0,0,0,143,0,0,0,0,144,0,0,0,0,145,0,0,0,0,146,0,0,0,0,180,0,,,
7,20,60,6,2024,720060,10,0,0,0,0,15,0,0,0,0,17,0,0,0,0,25,0,0,0,0,29,0,0,0,0,35,0,0,0,0,40,0,0,0,0,41,0,0,0,0,50,0,0,0,0,51,0,0,0,0,52,0,0,0,0,60,0,0,0,0,62,0,0,0,0,64,0,0,0,0,65,0,0,0,0,66,0,0,0,0,68,0,0,0,0,69,0,0,0,0,71,0,0,0,0,72,0,0,0,0,73,0,0,0,0,81,0,0,0,0,82,0,0,0,0,86,0,0,0,0,87,0,0,0,0,88,0,0,0,0,95,0,0,0,0,99,0,0,0,0,141,0,0,0,0,142,0,0,0,0,143,0,0,0,0,144,0,0,0,0,145,0,0,0,0,146,0,0,0,0,180,0,,,
7,20,66,6,2024,720066,10,0,0,0,0,15,0,0,0,0,17,0,0,0,0,25,0,0,0,0,29,0,0,0,0,35,0,0,0,0,40,0,0,0,0,41,0,0,0,0,50,0,0,0,0,51,0,0,0,0,52,0,0,0,0,60,0,0,0,0,62,0,0,0,0,64,0,0,0,0,65,0,0,0,0,66,0,0,0,0,68,0,0,0,0,69,0,0,0,0,71,0,0,0,0,72,0,0,0,0,73,0,0,0,0,81,629,551,0,0,82,0,0,0,0,86,0,0,0,0,87,0,0,0,0,88,0,0,0,0,95,0,0,0,0,99,629,551,0,0,141,0,0,0,0,142,0,0,0,0,143,0,0,0,0,144,0,0,0,0,145,0,0,0,0,146,0,0,0,0,180,0,,,
7,20,131,6,2024,720131,10,0,0,0,0,15,0,0,0,0,17,4195,3740,0,0,25,0,0,0,0,29,0,0,0,0,35,0,0,0,0,40,0,0,0,0,41,0,0,0,0,50,0,0,0,0,51,0,0,0,0,52,0,0,0,0,60,0,0,0,0,62,0,0,0,0,64,0,0,0,0,65,0,0,0,0,66,0,0,0,0,68,0,0,0,0,69,0,0,0,0,71,0,0,0,0,72,0,0,0,0,73,0,0,0,0,81,631,581,0,0,82,0,0,0,0,86,0,0,0,0,87,0,0,0,0,88,0,0,0,0,95,0,0,0,0,99,4827,4321,0,0,141,0,0,0,0,142,0,0,0,0,143,0,0,0,0,144,0,0,0,0,145,0,0,0,0,146,0,0,0,0,180,0,,,
7,20,143,6,2024,720143,10,0,0,0,0,15,0,0,0,0,17,0,0,0,0,25,0,0,0,0,29,0,0,0,0,35,0,0,0,0,40,0,0,0,0,41,0,0,0,0,50,0,0,0,0,51,0,0,0,0,52,0,0,0,0,60,0,0,0,0,62,0,0,0,0,64,0,0,0,0,65,0,0,0,0,66,0,0,0,0,68,0,0,0,0,69,0,0,0,0,71,0,0,0,0,72,0,0,0,0,73,0,0,0,0,81,0,0,0,0,82,0,0,0,0,86,0,0,0,0,87,0,0,0,0,88,0,0,0,0,95,0,0,0,0,99,0,0,0,0,141,0,0,0,0,142,0,0,0,0,143,0,0,0,0,144,0,0,0,0,145,0,0,0,0,146,0,0,0,0,180,0,,,
7,20,168,6,2024,720168,10,0,0,0,0,15,0,0,0,0,17,3145,3043,0,0,25,0,0,0,0,29,0,0,0,0,35,0,0,0,0,40,0,0,0,0,41,0,0,0,0,50,0,0,0,0,51,0,0,0,0,52,0,0,0,0,60,0,0,0,0,62,0,0,0,0,64,0,0,0,0,65,0,0,0,0,66,0,0,0,0,68,0,0,0,0,69,0,0,0,0,71,0,0,0,0,72,0,0,0,0,73,0,0,0,0,81,819,826,0,0,82,0,0,0,0,86,0,0,0,0,87,0,0,0,0,88,0,0,0,0,95,0,0,0,0,99,3964,3869,0,0,141,0,0,0,0,142,0,0,0,0,143,0,0,0,0,144,0,0,0,0,145,0,0,0,0,146,0,0,0,0,180,0,,,
7,20,186,6,2024,720186,10,0,0,0,0,15,0,0,0,0,17,0,0,0,0,25,0,0,0,0,29,0,0,0,0,35,0,0,0,0,40,0,0,0,0,41,0,0,0,0,50,0,0,0,0,51,0,0,0,0,52,0,0,0,0,60,0,0,0,0,62,0,0,0,0,64,0,0,0,0,65,0,0,0,0,66,0,0,0,0,68,0,0,0,0,69,0,0,0,0,71,0,0,0,0,72,0,0,0,0,73,0,0,0,0,81,0,0,0,0,82,0,0,0,0,86,0,0,0,0,87,0,0,0,0,88,0,0,0,0,95,0,0,0,0,99,0,0,0,0,141,0,0,0,0,142,0,0,0,0,143,0,0,0,0,144,0,0,0,0,145,0,0,0,0,146,0,0,0,0,180,0,,,
7,20,188,6,2024,720188,10,0,0,0,0,15,80276,80276,0,0,17,0,0,0,0,25,0,0,0,0,29,0,0,0,0,35,0,0,0,0,40,0,0,0,0,41,0,0,0,0,50,0,0,0,0,51,0,0,0,0,52,0,0,0,0,60,0,0,0,0,62,0,0,0,0,64,0,0,0,0,65,0,0,0,0,66,0,0,0,0,68,0,0,0,0,69,0,0,0,0,71,0,0,0,0,72,0,0,0,0,73,0,0,0,0,81,0,0,0,0,82,0,0,0,0,86,0,0,0,0,87,0,0,0,0,88,0,0,0,0,95,0,0,0,0,99,80276,80276,0,0,141,0,0,0,0,142,0,0,0,0,143,0,0,0,0,144,0,0,0,0,145,0,0,0,0,146,0,0,0,0,180,0,,,
7,20,194,6,2024,720194,10,0,0,0,0,15,0,0,0,0,17,0,0,0,0,25,0,0,0,0,29,0,0,0,0,35,0,0,0,0,40,0,0,0,0,41,0,0,0,0,50,0,0,0,0,51,0,0,0,0,52,0,0,0,0,60,0,0,0,0,62,0,0,0,0,64,0,0,0,0,65,0,0,0,0,66,0,0,0,0,68,0,0,0,0,69,0,0,0,0,71,0,0,0,0,72,0,0,0,0,73,0,0,0,0,81,0,0,0,0,82,0,0,0,0,86,0,0,0,0,87,0,0,0,0,88,0,0,0,0,95,0,0,0,0,99,0,0,0,0,141,0,0,0,0,142,0,0,0,0,143,0,0,0,0,144,0,0,0,0,145,0,0,0,0,146,0,0,0,0,180,0,,,
7,20,336,6,2024,720336,10,0,0,0,0,15,0,0,0,0,17,0,0,0,0,25,0,0,0,0,29,0,0,0,0,35,0,0,0,0,40,0,0,0,0,41,0,0,0,0,50,0,0,0,0,51,0,0,0,0,52,0,0,0,0,60,0,0,0,0,62,0,0,0,0,64,0,0,0,0,65,0,0,0,0,66,0,0,0,0,68,0,0,0,0,69,0,0,0,0,71,0,0,0,0,72,0,0,0,0,73,0,0,0,0,81,0,0,0,0,82,0,0,0,0,86,0,0,0,0,87,0,0,0,0,88,0,0,0,0,95,0,0,0,0,99,0,0,0,0,141,0,0,0,0,142,0,0,0,0,143,0,0,0,0,144,0,0,0,0,145,0,0,0,0,146,0,0,0,0,180,0,,,
7,20,345,6,2024,720345,10,0,0,0,0,15,0,0,0,0,17,0,0,0,0,25,0,0,0,0,29,0,0,0,0,35,0,0,0,0,40,0,0,0,0,41,0,0,0,0,50,0,0,0,0,51,0,0,0,0,52,0,0,0,0,60,0,0,0,0,62,0,0,0,0,64,0,0,0,0,65,0,0,0,0,66,0,0,0,0,68,0,0,0,0,69,0,0,0,0,71,0,0,0,0,72,0,0,0,0,73,0,0,0,0,81,0,0,0,0,82,0,0,0,0,86,0,0,0,0,87,0,0,0,0,88,0,0,0,0,95,0,0,0,0,99,0,0,0,0,141,0,0,0,0,142,0,0,0,0,143,0,0,0,0,144,0,0,0,0,145,0,0,0,0,146,0,0,0,0,180,0,,,
7,20,376,6,2024,720376,10,0,0,0,0,15,277,268,0,0,17,1332,1423,0,0,25,0,0,0,0,29,0,0,0,0,35,0,0,0,0,40,0,0,0,0,41,0,0,0,0,50,0,0,0,0,51,0,0,0,0,52,0,0,0,0,60,0,0,0,0,62,0,0,0,0,64,0,0,0,0,65,0,0,0,0,66,0,0,0,0,68,0,0,0,0,69,0,0,0,0,71,0,0,0,0,72,0,0,0,0,73,0,0,0,0,81,95,99,0,0,82,0,0,0,0,86,0,0,0,0,87,0,0,0,0,88,0,0,0,0,95,0,0,0,0,99,1705,1791,0,0,141,0,0,0,0,142,0,0,0,0,143,0,0,0,0,144,0,0,0,0,145,0,0,0,0,146,0,0,0,0,180,0,,,
7,20,440,6,2024,720440,10,0,0,0,0,15,0,0,0,0,17,0,0,0,0,25,0,0,0,0,29,0,0,0,0,35,0,0,0,0,40,0,0,0,0,41,0,0,0,0,50,0,0,0,0,51,0,0,0,0,52,0,0,0,0,60,0,0,0,0,62,0,0,0,0,64,0,0,0,0,65,0,0,0,0,66,0,0,0,0,68,0,0,0,0,69,0,0,0,0,71,0,0,0,0,72,0,0,0,0,73,0,0,0,0,81,2362,2067,0,0,82,0,0,0,0,86,0,0,0,0,87,0,0,0,0,88,0,0,0,0,95,0,0,0,0,99,2362,2067,0,0,141,0,0,0,0,142,0,0,0,0,143,0,0,0,0,144,0,0,0,0,145,0,0,0,0,146,0,0,0,0,180,0,,,
7,20,899,6,2024,720899,10,0,0,0,0,15,31170,31676,0,0,17,0,0,0,0,25,0,0,0,0,29,0,0,0,0,35,0,0,0,0,40,0,0,0,0,41,0,0,0,0,50,0,0,0,0,51,0,0,0,0,52,0,0,0,0,60,0,0,0,0,62,0,0,0,0,64,0,0,0,0,65,0,0,0,0,66,0,0,0,0,68,0,0,0,0,69,0,0,0,0,71,0,0,0,0,72,0,0,0,0,73,0,0,0,0,81,5251,5202,0,0,82,0,0,0,0,86,0,0,0,0,87,0,0,0,0,88,0,0,0,0,95,0,0,0,0,99,36421,36879,0,0,141,0,0,0,0,142,0,0,0,0,143,0,0,0,0,144,0,0,0,0,145,0,0,0,0,146,0,0,0,0,180,0,,,
7,20,922,6,2024,720922,10,0,0,0,0,15,0,0,0,0,17,0,0,0,0,25,0,0,0,0,29,0,0,0,0,35,0,0,0,0,40,0,0,0,0,41,0,0,0,0,50,0,0,0,0,51,0,0,0,0,52,0,0,0,0,60,0,0,0,0,62,0,0,0,0,64,0,0,0,0,65,0,0,0,0,66,0,0,0,0,68,0,0,0,0,69,0,0,0,0,71,0,0,0,0,72,0,0,0,0,73,0,0,0,0,81,0,0,0,0,82,0,0,0,0,86,0,0,0,0,87,0,0,0,0,88,0,0,0,0,95,0,0,0,0,99,0,0,0,0,141,0,0,0,0,142,0,0,0,0,143,0,0,0,0,144,0,0,0,0,145,0,0,0,0,146,0,0,0,0,180,0,,,
7,22,12,6,2024,722012,10,0,0,0,0,15,0,0,0,0,17,0,0,0,0,25,0,0,0,0,29,0,0,0,0,35,0,0,0,0,40,0,0,0,0,41,0,0,0,0,50,0,0,0,0,51,0,0,0,0,52,0,0,0,0,60,0,0,0,0,62,0,0,0,0,64,0,0,0,0,65,0,0,0,0,66,0,0,0,0,68,0,0,0,0,69,0,0,0,0,71,0,0,0,0,72,0,0,0,0,73,0,0,0,0,81,0,0,0,0,82,0,0,0,0,86,0,0,0,0,87,0,0,0,0,88,0,0,0,0,95,0,0,0,0,99,0,0,0,0,141,0,0,0,0,142,0,0,0,0,143,0,0,0,0,144,0,0,0,0,145,0,0,0,0,146,0,0,0,0,180,0,,,
7,22,114,6,2024,722114,10,0,0,0,0,15,0,0,0,0,17,0,0,0,0,25,0,0,0,0,29,0,0,0,0,35,0,0,0,0,40,0,0,0,0,41,0,0,0,0,50,0,0,0,0,51,0,0,0,0,52,0,0,0,0,60,0,0,0,0,62,0,0,0,0,64,0,0,0,0,65,0,0,0,0,66,0,0,0,0,68,0,0,0,0,69,0,0,0,0,71,0,0,0,0,72,0,0,0,0,73,0,0,0,0,81,0,0,0,0,82,0,0,0,0,86,0,0,0,0,87,0,0,0,0,88,0,0,0,0,95,0,0,0,0,99,0,0,0,0,141,0,0,0,0,142,0,0,0,0,143,0,0,0,0,144,0,0,0,0,145,0,0,0,0,146,0,0,0,0,180,0,,,
7,22,146,6,2024,722146,10,0,0,0,0,15,386423,386240,0,0,17,0,0,0,0,25,0,0,0,0,29,0,0,0,0,35,0,0,0,0,40,0,0,0,0,41,0,0,0,0,50,0,0,0,0,51,0,0,0,0,52,0,0,0,0,60,0,0,0,0,62,0,0,0,0,64,0,0,0,0,65,0,0,0,0,66,0,0,0,0,68,0,0,0,0,69,0,0,0,0,71,0,0,0,0,72,0,0,0,0,73,0,0,0,0,81,0,0,0,0,82,0,0,0,0,86,0,0,0,0,87,0,0,0,0,88,0,0,0,0,95,0,0,0,0,99,386423,386240,0,0,141,0,0,0,0,142,0,0,0,0,143,0,0,0,0,144,0,0,0,0,145,0,0,0,0,146,0,0,0,0,180,0,,,
7,22,198,6,2024,722198,10,0,0,0,0,15,1471365,1459405,0,0,17,0,0,0,0,25,0,0,0,0,29,0,0,0,0,35,0,0,0,0,40,0,0,0,0,41,0,0,0,0,50,0,0,0,0,51,0,0,0,0,52,0,0,0,0,60,0,0,0,0,62,0,0,0,0,64,0,0,0,0,65,0,0,0,0,66,0,0,0,0,68,0,0,0,0,69,0,0,0,0,71,0,0,0,0,72,0,0,0,0,73,0,0,0,0,81,0,0,0,0,82,0,0,0,0,86,0,0,0,0,87,0,0,0,0,88,0,0,0,0,95,0,0,0,0,99,1471365,1459405,0,0,141,0,0,0,0,142,0,0,0,0,143,0,0,0,0,144,0,0,0,0,145,0,0,0,0,146,0,0,0,0,180,0,,,
7,22,216,6,2024,722216,10,0,0,0,0,15,0,0,0,0,17,0,0,0,0,25,0,0,0,0,29,0,0,0,0,35,0,0,0,0,40,0,0,0,0,41,0,0,0,0,50,0,0,0,0,51,0,0,0,0,52,0,0,0,0,60,0,0,0,0,62,0,0,0,0,64,0,0,0,0,65,0,0,0,0,66,0,0,0,0,68,0,0,0,0,69,0,0,0,0,71,0,0,0,0,72,0,0,0,0,73,0,0,0,0,81,0,0,0,0,82,0,0,0,0,86,0,0,0,0,87,0,0,0,0,88,0,0,0,0,95,0,0,0,0,99,0,0,0,0,141,0,0,0,0,142,0,0,0,0,143,0,0,0,0,144,0,0,0,0,145,0,0,0,0,146,0,0,0,0,180,0,,,
7,22,233,6,2024,722233,10,0,0,0,0,15,1912466,1893428,0,0,17,0,0,0,0,25,0,0,0,0,29,5214,5031,0,0,35,0,0,0,0,40,0,0,0,0,41,0,0,0,0,50,0,0,0,0,51,0,0,0,0,52,0,0,0,0,60,0,0,0,0,62,0,0,0,0,64,0,0,0,0,65,0,0,0,0,66,0,0,0,0,68,0,0,0,0,69,0,0,0,0,71,0,0,0,0,72,0,0,0,0,73,0,0,0,0,81,0,0,0,0,82,0,0,0,0,86,0,0,0,0,87,0,0,0,0,88,0,0,0,0,95,0,0,0,0,99,1917680,1898458,0,0,141,0,0,0,0,142,0,0,0,0,143,0,0,0,0,144,0,0,0,0,145,0,0,0,0,146,0,0,0,0,180,0,,,
7,22,313,6,2024,722313,10,0,0,0,0,15,0,0,0,0,17,0,0,0,0,25,0,0,0,0,29,0,0,0,0,35,0,0,0,0,40,0,0,0,0,41,0,0,0,0,50,0,0,0,0,51,0,0,0,0,52,0,0,0,0,60,0,0,0,0,62,0,0,0,0,64,0,0,0,0,65,0,0,0,0,66,0,0,0,0,68,0,0,0,0,69,0,0,0,0,71,0,0,0,0,72,0,0,0,0,73,0,0,0,0,81,0,0,0,0,82,0,0,0,0,86,0,0,0,0,87,0,0,0,0,88,0,0,0,0,95,0,0,0,0,99,0,0,0,0,141,0,0,0,0,142,0,0,0,0,143,0,0,0,0,144,0,0,0,0,145,0,0,0,0,146,0,0,0,0,180,0,,,
7,22,350,6,2024,722350,10,0,0,0,0,15,26,27,0,0,17,0,0,0,0,25,0,0,0,0,29,0,0,0,0,35,0,0,0,0,40,0,0,0,0,41,0,0,0,0,50,0,0,0,0,51,0,0,0,0,52,0,0,0,0,60,0,0,0,0,62,0,0,0,0,64,0,0,0,0,65,0,0,0,0,66,0,0,0,0,68,0,0,0,0,69,0,0,0,0,71,0,0,0,0,72,0,0,0,0,73,0,0,0,0,81,0,0,0,0,82,0,0,0,0,86,0,0,0,0,87,0,0,0,0,88,0,0,0,0,95,0,0,0,0,99,26,27,0,0,141,0,0,0,0,142,0,0,0,0,143,0,0,0,0,144,0,0,0,0,145,0,0,0,0,146,0,0,0,0,180,0,,,
7,22,406,6,2024,722406,10,0,0,0,0,15,29324,29161,0,0,17,0,0,0,0,25,0,0,0,0,29,0,0,0,0,35,0,0,0,0,40,0,0,0,0,41,0,0,0,0,50,0,0,0,0,51,0,0,0,0,52,0,0,0,0,60,0,0,0,0,62,0,0,0,0,64,0,0,0,0,65,0,0,0,0,66,0,0,0,0,68,0,0,0,0,69,0,0,0,0,71,0,0,0,0,72,0,0,0,0,73,0,0,0,0,81,0,0,0,0,82,0,0,0,0,86,0,0,0,0,87,0,0,0,0,88,0,0,0,0,95,0,0,0,0,99,29324,29161,0,0,141,0,0,0,0,142,0,0,0,0,143,0,0,0,0,144,0,0,0,0,145,0,0,0,0,146,0,0,0,0,180,0,,,
7,22,644,6,2024,722644,10,0,0,0,0,15,0,0,0,0,17,0,0,0,0,25,0,0,0,0,29,0,0,0,0,35,0,0,0,0,40,0,0,0,0,41,0,0,0,0,50,0,0,0,0,51,0,0,0,0,52,0,0,0,0,60,0,0,0,0,62,0,0,0,0,64,0,0,0,0,65,0,0,0,0,66,0,0,0,0,68,0,0,0,0,69,0,0,0,0,71,0,0,0,0,72,0,0,0,0,73,0,0,0,0,81,0,0,0,0,82,0,0,0,0,86,0,0,0,0,87,0,0,0,0,88,0,0,0,0,95,0,0,0,0,99,0,0,0,0,141,0,0,0,0,142,0,0,0,0,143,0,0,0,0,144,0,0,0,0,145,0,0,0,0,146,0,0,0,0,180,0,,,
7,22,918,6,2024,722918,10,0,0,0,0,15,1085695,1066108,0,0,17,0,0,0,0,25,0,0,0,0,29,35077,33883,0,0,35,0,0,0,0,40,0,0,0,0,41,0,0,0,0,50,0,0,0,0,51,0,0,0,0,52,0,0,0,0,60,0,0,0,0,62,0,0,0,0,64,0,0,0,0,65,0,0,0,0,66,0,0,0,0,68,0,0,0,0,69,0,0,0,0,71,0,0,0,0,72,0,0,0,0,73,0,0,0,0,81,54535,53079,0,0,82,0,0,0,0,86,397953,358972,0,0,87,0,0,0,0,88,191277,171208,0,0,95,0,0,0,0,99,1764537,1683249,0,0,141,0,0,0,0,142,0,0,0,0,143,0,0,0,0,144,0,0,0,0,145,0,0,0,0,146,0,0,0,0,180,0,,,
7,25,31,6,2024,725031,10,0,0,0,0,15,0,0,0,0,17,0,0,0,0,25,0,0,0,0,29,0,0,0,0,35,0,0,0,0,40,0,0,0,0,41,0,0,0,0,50,0,0,0,0,51,0,0,0,0,52,0,0,0,0,60,0,0,0,0,62,0,0,0,0,64,0,0,0,0,65,0,0,0,0,66,0,0,0,0,68,0,0,0,0,69,0,0,0,0,71,0,0,0,0,72,0,0,0,0,73,0,0,0,0,81,0,0,0,0,82,0,0,0,0,86,0,0,0,0,87,0,0,0,0,88,0,0,0,0,95,0,0,0,0,99,0,0,0,0,141,0,0,0,0,142,0,0,0,0,143,0,0,0,0,144,0,0,0,0,145,0,0,0,0,146,0,0,0,0,180,0,,,
7,25,131,6,2024,725131,10,0,0,0,0,15,0,0,0,0,17,0,0,0,0,25,0,0,0,0,29,0,0,0,0,35,0,0,0,0,40,0,0,0,0,41,0,0,0,0,50,0,0,0,0,51,0,0,0,0,52,0,0,0,0,60,0,0,0,0,62,0,0,0,0,64,0,0,0,0,65,0,0,0,0,66,0,0,0,0,68,0,0,0,0,69,0,0,0,0,71,0,0,0,0,72,0,0,0,0,73,0,0,0,0,81,0,0,0,0,82,0,0,0,0,86,0,0,0,0,87,0,0,0,0,88,0,0,0,0,95,0,0,0,0,99,0,0,0,0,141,0,0,0,0,142,0,0,0,0,143,0,0,0,0,144,0,0,0,0,145,0,0,0,0,146,0,0,0,0,180,0,,,
7,25,203,6,2024,725203,10,0,0,0,0,15,0,0,0,0,17,0,0,0,0,25,0,0,0,0,29,0,0,0,0,35,0,0,0,0,40,0,0,0,0,41,0,0,0,0,50,0,0,0,0,51,0,0,0,0,52,0,0,0,0,60,0,0,0,0,62,0,0,0,0,64,0,0,0,0,65,0,0,0,0,66,0,0,0,0,68,0,0,0,0,69,0,0,0,0,71,0,0,0,0,72,0,0,0,0,73,0,0,0,0,81,0,0,0,0,82,0,0,0,0,86,0,0,0,0,87,0,0,0,0,88,0,0,0,0,95,0,0,0,0,99,0,0,0,0,141,0,0,0,0,142,0,0,0,0,143,0,0,0,0,144,0,0,0,0,145,0,0,0,0,146,0,0,0,0,180,0,,,
7,25,247,6,2024,725247,10,0,0,0,0,15,0,0,0,0,17,0,0,0,0,25,0,0,0,0,29,0,0,0,0,35,0,0,0,0,40,0,0,0,0,41,0,0,0,0,50,0,0,0,0,51,0,0,0,0,52,0,0,0,0,60,0,0,0,0,62,0,0,0,0,64,0,0,0,0,65,0,0,0,0,66,0,0,0,0,68,0,0,0,0,69,0,0,0,0,71,0,0,0,0,72,0,0,0,0,73,0,0,0,0,81,0,0,0,0,82,0,0,0,0,86,0,0,0,0,87,0,0,0,0,88,0,0,0,0,95,0,0,0,0,99,0,0,0,0,141,0,0,0,0,142,0,0,0,0,143,0,0,0,0,144,0,0,0,0,145,0,0,0,0,146,0,0,0,0,180,0,,,
7,25,326,6,2024,725326,10,0,0,0,0,15,0,0,0,0,17,0,0,0,0,25,0,0,0,0,29,0,0,0,0,35,0,0,0,0,40,0,0,0,0,41,0,0,0,0,50,0,0,0,0,51,0,0,0,0,52,0,0,0,0,60,0,0,0,0,62,0,0,0,0,64,0,0,0,0,65,0,0,0,0,66,0,0,0,0,68,0,0,0,0,69,0,0,0,0,71,0,0,0,0,72,0,0,0,0,73,0,0,0,0,81,0,0,0,0,82,0,0,0,0,86,0,0,0,0,87,0,0,0,0,88,0,0,0,0,95,0,0,0,0,99,0,0,0,0,141,0,0,0,0,142,0,0,0,0,143,0,0,0,0,144,0,0,0,0,145,0,0,0,0,146,0,0,0,0,180,0,,,
7,25,355,6,2024,725355,10,0,0,1857720,1817447,15,0,0,0,0,17,0,0,0,0,25,0,0,0,0,29,0,0,0,0,35,0,0,0,0,40,0,0,0,0,41,0,0,0,0,50,0,0,0,0,51,0,0,0,0,52,0,0,0,0,60,0,0,0,0,62,0,0,0,0,64,0,0,0,0,65,0,0,0,0,66,0,0,0,0,68,0,0,0,0,69,0,0,0,0,71,0,0,0,0,72,0,0,0,0,73,0,0,0,0,81,0,0,0,0,82,0,0,0,0,86,0,0,0,0,87,0,0,0,0,88,0,0,0,0,95,0,0,0,0,99,0,0,1857720,1817447,141,0,0,0,0,142,0,0,0,0,143,0,0,0,0,144,0,0,0,0,145,0,0,0,0,146,0,0,0,0,180,0,,,
7,25,429,6,2024,725429,10,0,0,0,0,15,0,0,0,0,17,0,0,0,0,25,0,0,0,0,29,0,0,0,0,35,0,0,0,0,40,0,0,0,0,41,0,0,0,0,50,0,0,0,0,51,0,0,0,0,52,0,0,0,0,60,0,0,0,0,62,0,0,0,0,64,0,0,0,0,65,0,0,0,0,66,0,0,0,0,68,0,0,0,0,69,0,0,0,0,71,0,0,0,0,72,0,0,0,0,73,0,0,0,0,81,0,0,0,0,82,0,0,0,0,86,0,0,0,0,87,0,0,0,0,88,0,0,0,0,95,0,0,0,0,99,0,0,0,0,141,0,0,0,0,142,0,0,0,0,143,0,0,0,0,144,0,0,0,0,145,0,0,0,0,146,0,0,0,0,180,0,,,
7,25,450,6,2024,725450,10,0,0,0,0,15,0,0,0,0,17,0,0,0,0,25,0,0,0,0,29,0,0,0,0,35,0,0,0,0,40,0,0,0,0,41,0,0,0,0,50,0,0,0,0,51,0,0,0,0,52,0,0,0,0,60,0,0,0,0,62,0,0,0,0,64,0,0,0,0,65,0,0,0,0,66,0,0,0,0,68,0,0,0,0,69,0,0,0,0,71,0,0,0,0,72,0,0,0,0,73,0,0,0,0,81,0,0,0,0,82,0,0,0,0,86,1808,1808,0,0,87,0,0,0,0,88,0,0,0,0,95,0,0,0,0,99,1808,1808,0,0,141,0,0,0,0,142,0,0,0,0,143,0,0,0,0,144,0,0,0,0,145,0,0,0,0,146,0,0,0,0,180,0,,,
7,25,466,6,2024,725466,10,0,0,0,0,15,0,0,0,0,17,0,0,0,0,25,0,0,0,0,29,0,0,0,0,35,0,0,0,0,40,0,0,0,0,41,0,0,0,0,50,0,0,0,0,51,0,0,0,0,52,0,0,0,0,60,0,0,0,0,62,0,0,0,0,64,0,0,0,0,65,0,0,0,0,66,0,0,0,0,68,0,0,0,0,69,0,0,0,0,71,0,0,0,0,72,0,0,0,0,73,0,0,0,0,81,0,0,0,0,82,0,0,0,0,86,0,0,0,0,87,0,0,0,0,88,0,0,0,0,95,0,0,0,0,99,0,0,0,0,141,0,0,0,0,142,0,0,0,0,143,0,0,0,0,144,0,0,0,0,145,0,0,0,0,146,0,0,0,0,180,0,,,
7,25,488,6,2024,725488,10,0,0,0,0,15,0,0,0,0,17,0,0,0,0,25,0,0,0,0,29,0,0,0,0,35,0,0,0,0,40,0,0,0,0,41,0,0,0,0,50,0,0,0,0,51,0,0,0,0,52,0,0,0,0,60,0,0,0,0,62,0,0,0,0,64,0,0,0,0,65,0,0,0,0,66,0,0,0,0,68,0,0,0,0,69,0,0,0,0,71,0,0,0,0,72,0,0,0,0,73,0,0,0,0,81,0,0,0,0,82,0,0,0,0,86,0,0,0,0,87,0,0,0,0,88,0,0,0,0,95,0,0,0,0,99,0,0,0,0,141,0,0,0,0,142,0,0,0,0,143,0,0,0,0,144,0,0,0,0,145,0,0,0,0,146,0,0,0,0,180,0,,,
7,25,629,6,2024,725629,10,0,0,0,0,15,0,0,0,0,17,0,0,0,0,25,0,0,0,0,29,0,0,0,0,35,0,0,0,0,40,0,0,0,0,41,0,0,0,0,50,0,0,0,0,51,0,0,0,0,52,0,0,0,0,60,0,0,0,0,62,0,0,0,0,64,0,0,0,0,65,0,0,0,0,66,0,0,0,0,68,0,0,0,0,69,0,0,0,0,71,0,0,0,0,72,0,0,0,0,73,0,0,0,0,81,0,0,0,0,82,0,0,0,0,86,0,0,0,0,87,0,0,0,0,88,0,0,0,0,95,0,0,0,0,99,0,0,0,0,141,0,0,0,0,142,0,0,0,0,143,0,0,0,0,144,0,0,0,0,145,0,0,0,0,146,0,0,0,0,180,0,,,
7,25,676,6,2024,725676,10,0,0,0,0,15,0,0,0,0,17,0,0,0,0,25,0,0,0,0,29,0,0,0,0,35,0,0,0,0,40,0,0,0,0,41,0,0,0,0,50,0,0,0,0,51,0,0,0,0,52,0,0,0,0,60,0,0,0,0,62,0,0,0,0,64,0,0,0,0,65,0,0,0,0,66,0,0,0,0,68,0,0,0,0,69,0,0,0,0,71,0,0,0,0,72,0,0,0,0,73,0,0,0,0,81,0,0,0,0,82,0,0,0,0,86,0,0,0,0,87,0,0,0,0,88,0,0,0,0,95,0,0,0,0,99,0,0,0,0,141,0,0,0,0,142,0,0,0,0,143,0,0,0,0,144,0,0,0,0,145,0,0,0,0,146,0,0,0,0,180,0,,,
7,25,715,6,2024,725715,10,0,0,0,0,15,0,0,0,0,17,0,0,0,0,25,0,0,0,0,29,0,0,0,0,35,0,0,0,0,40,0,0,0,0,41,0,0,0,0,50,0,0,0,0,51,0,0,0,0,52,0,0,0,0,60,0,0,0,0,62,0,0,0,0,64,0,0,0,0,65,0,0,0,0,66,0,0,0,0,68,0,0,0,0,69,0,0,0,0,71,0,0,0,0,72,0,0,0,0,73,0,0,0,0,81,0,0,0,0,82,0,0,0,0,86,0,0,0,0,87,0,0,0,0,88,0,0,0,0,95,0,0,0,0,99,0,0,0,0,141,0,0,0,0,142,0,0,0,0,143,0,0,0,0,144,0,0,0,0,145,0,0,0,0,146,0,0,0,0,180,0,,,
7,25,818,6,2024,725818,10,0,0,0,0,15,0,0,0,0,17,0,0,0,0,25,0,0,0,0,29,0,0,0,0,35,0,0,0,0,40,0,0,0,0,41,0,0,0,0,50,0,0,0,0,51,0,0,0,0,52,0,0,0,0,60,0,0,0,0,62,0,0,0,0,64,0,0,0,0,65,0,0,0,0,66,0,0,0,0,68,0,0,0,0,69,0,0,0,0,71,0,0,0,0,72,0,0,0,0,73,0,0,0,0,81,0,0,0,0,82,0,0,0,0,86,0,0,0,0,87,0,0,0,0,88,0,0,0,0,95,0,0,0,0,99,0,0,0,0,141,0,0,0,0,142,0,0,0,0,143,0,0,0,0,144,0,0,0,0,145,0,0,0,0,146,0,0,0,0,180,0,,,
7,25,839,6,2024,725839,10,0,0,0,0,15,42350,41666,0,0,17,0,0,0,0,25,0,0,0,0,29,0,0,0,0,35,0,0,0,0,40,0,0,0,0,41,0,0,0,0,50,0,0,0,0,51,0,0,0,0,52,0,0,0,0,60,0,0,0,0,62,0,0,0,0,64,0,0,0,0,65,0,0,0,0,66,0,0,0,0,68,0,0,0,0,69,0,0,0,0,71,0,0,0,0,72,0,0,0,0,73,0,0,0,0,81,0,0,0,0,82,0,0,0,0,86,0,0,0,0,87,0,0,0,0,88,0,0,0,0,95,0,0,0,0,99,42350,41666,0,0,141,0,0,0,0,142,0,0,0,0,143,0,0,0,0,144,0,0,0,0,145,0,0,0,0,146,0,0,0,0,180,0,,,
7,25,940,6,2024,725940,10,0,0,0,0,15,0,0,0,0,17,0,0,0,0,25,0,0,0,0,29,0,0,0,0,35,0,0,0,0,40,0,0,0,0,41,0,0,0,0,50,0,0,0,0,51,0,0,0,0,52,0,0,0,0,60,0,0,0,0,62,0,0,0,0,64,0,0,0,0,65,0,0,0,0,66,0,0,0,0,68,0,0,0,0,69,0,0,0,0,71,0,0,0,0,72,0,0,0,0,73,0,0,0,0,81,0,0,0,0,82,0,0,0,0,86,0,0,0,0,87,0,0,0,0,88,0,0,0,0,95,0,0,0,0,99,0,0,0,0,141,0,0,0,0,142,0,0,0,0,143,0,0,0,0,144,0,0,0,0,145,0,0,0,0,146,0,0,0,0,180,0,,,
8,10,586,6,2024,810586,10,0,0,0,0,15,0,0,0,0,17,0,0,0,0,25,0,0,0,0,29,0,0,0,0,35,0,0,0,0,40,0,0,0,0,41,0,0,0,0,50,0,0,0,0,51,0,0,0,0,52,0,0,0,0,60,0,0,0,0,62,0,0,0,0,64,0,0,0,0,65,0,0,0,0,66,0,0,0,0,68,0,0,0,0,69,0,0,0,0,71,0,0,0,0,72,0,0,0,0,73,0,0,0,0,81,0,0,0,0,82,0,0,0,0,86,0,0,0,0,87,0,0,0,0,88,0,0,0,0,95,0,0,0,0,99,0,0,0,0,141,0,0,0,0,142,0,0,0,0,143,0,0,0,0,144,0,0,0,0,145,0,0,0,0,146,0,0,0,0,180,0,,,
9,25,0,6,2024,925000,10,0,0,13766322,13292136,15,0,0,2926846,2859165,17,0,0,71777,67626,25,0,0,2467980,2383068,29,0,0,0,0,35,0,0,0,0,40,0,0,1202000,1202000,41,0,0,0,0,50,0,0,700000,700000,51,0,0,0,0,52,0,0,0,0,60,0,0,0,0,62,0,0,1132076,972045,64,0,0,0,0,65,0,0,0,0,66,0,0,0,0,68,0,0,331899,300364,69,0,0,0,0,71,0,0,0,0,72,0,0,18986748,18181597,73,0,0,0,0,81,0,0,474131,453885,82,0,0,0,0,86,0,0,0,0,87,0,0,0,0,88,0,0,0,0,95,0,0,0,0,99,0,0,42208818,40563059,141,0,0,0,0,142,0,0,0,0,143,0,0,1061,1060,144,0,0,0,0,145,0,0,149978,150112,146,0,0,0,0,180,0,,,
20,0,2,6,2024,2000002,10,0,0,0,0,15,0,0,0,0,17,0,0,0,0,25,0,0,0,0,29,0,0,0,0,35,0,0,0,0,40,0,0,0,0,41,0,0,0,0,50,0,0,0,0,51,0,0,0,0,52,0,0,0,0,60,0,0,0,0,62,0,0,0,0,64,0,0,0,0,65,0,0,0,0,66,0,0,0,0,68,0,0,0,0,69,0,0,0,0,71,0,0,0,0,72,0,0,0,0,73,0,0,0,0,81,0,0,0,0,82,0,0,0,0,86,0,0,0,0,87,0,0,0,0,88,0,0,0,0,95,0,0,0,0,99,0,0,0,0,141,0,0,0,0,142,0,0,0,0,143,0,0,0,0,144,0,0,0,0,145,0,0,0,0,146,0,0,0,0,180,0,,,
20,0,4,6,2024,2000004,10,0,0,0,0,15,0,0,0,0,17,0,0,0,0,25,0,0,0,0,29,0,0,0,0,35,0,0,0,0,40,0,0,0,0,41,0,0,0,0,50,0,0,0,0,51,0,0,0,0,52,0,0,0,0,60,0,0,0,0,62,0,0,0,0,64,0,0,0,0,65,0,0,0,0,66,0,0,0,0,68,0,0,0,0,69,0,0,0,0,71,0,0,0,0,72,0,0,0,0,73,0,0,0,0,81,0,0,0,0,82,0,0,0,0,86,0,0,0,0,87,0,0,0,0,88,0,0,0,0,95,0,0,0,0,99,0,0,0,0,141,0,0,0,0,142,0,0,0,0,143,0,0,0,0,144,0,0,0,0,145,0,0,0,0,146,0,0,0,0,180,0,,,
20,0,7,6,2024,2000007,10,0,0,0,0,15,0,0,0,0,17,0,0,0,0,25,0,0,0,0,29,0,0,0,0,35,0,0,0,0,40,0,0,0,0,41,0,0,0,0,50,0,0,0,0,51,0,0,0,0,52,0,0,0,0,60,0,0,0,0,62,0,0,0,0,64,0,0,0,0,65,0,0,0,0,66,0,0,0,0,68,0,0,0,0,69,0,0,0,0,71,0,0,0,0,72,0,0,0,0,73,0,0,0,0,81,0,0,0,0,82,0,0,0,0,86,0,0,0,0,87,0,0,0,0,88,0,0,0,0,95,0,0,0,0,99,0,0,0,0,141,0,0,0,0,142,0,0,0,0,143,0,0,0,0,144,0,0,0,0,145,0,0,0,0,146,0,0,0,0,180,0,,,
20,0,9,6,2024,2000009,10,0,0,0,0,15,0,0,0,0,17,0,0,0,0,25,0,0,0,0,29,0,0,0,0,35,0,0,0,0,40,0,0,0,0,41,0,0,0,0,50,0,0,0,0,51,0,0,0,0,52,0,0,0,0,60,0,0,0,0,62,0,0,0,0,64,0,0,0,0,65,0,0,0,0,66,0,0,0,0,68,0,0,0,0,69,0,0,0,0,71,0,0,0,0,72,0,0,0,0,73,0,0,0,0,81,0,0,0,0,82,0,0,0,0,86,0,0,0,0,87,0,0,0,0,88,0,0,0,0,95,0,0,0,0,99,0,0,0,0,141,0,0,0,0,142,0,0,0,0,143,0,0,0,0,144,0,0,0,0,145,0,0,0,0,146,0,0,0,0,180,0,,,
20,0,11,6,2024,2000011,10,0,0,0,0,15,0,0,0,0,17,0,0,0,0,25,0,0,0,0,29,0,0,0,0,35,0,0,0,0,40,0,0,0,0,41,0,0,0,0,50,0,0,0,0,51,0,0,0,0,52,0,0,0,0,60,0,0,0,0,62,0,0,0,0,64,0,0,0,0,65,0,0,0,0,66,0,0,0,0,68,0,0,0,0,69,0,0,0,0,71,0,0,0,0,72,0,0,0,0,73,0,0,0,0,81,0,0,0,0,82,0,0,0,0,86,0,0,0,0,87,0,0,0,0,88,0,0,0,0,95,0,0,0,0,99,0,0,0,0,141,0,0,0,0,142,0,0,0,0,143,0,0,0,0,144,0,0,0,0,145,0,0,0,0,146,0,0,0,0,180,0,,,
20,0,12,6,2024,2000012,10,0,0,0,0,15,0,0,0,0,17,0,0,0,0,25,0,0,0,0,29,0,0,0,0,35,0,0,0,0,40,0,0,0,0,41,0,0,0,0,50,0,0,0,0,51,0,0,0,0,52,0,0,0,0,60,0,0,0,0,62,0,0,0,0,64,0,0,0,0,65,0,0,0,0,66,0,0,0,0,68,0,0,0,0,69,0,0,0,0,71,0,0,0,0,72,0,0,0,0,73,0,0,0,0,81,0,0,0,0,82,0,0,0,0,86,0,0,0,0,87,0,0,0,0,88,0,0,0,0,95,0,0,0,0,99,0,0,0,0,141,0,0,0,0,142,0,0,0,0,143,0,0,0,0,144,0,0,0,0,145,0,0,0,0,146,0,0,0,0,180,0,,,
