6,10,0,6,2024,610000,10,30405540,4768,16502,30426811,20,0,0,0,0,54,0,0,0,0,56,23926,0,8393,32319,60,30429466,4768,24896,30459130,80,,,,3034
6,20,0,6,2024,620000,10,34949065,31454,284,34980803,20,0,0,0,0,54,12706,4137,7372,24215,56,3045,0,311,3356,60,34964815,35591,7967,35008373,80,,,,18785
6,22,0,6,2024,622000,10,155820719,103533,55034,155979286,20,0,0,0,0,54,2049,346,173,2568,56,40257,6499,72821,119577,60,155863025,110378,128028,156101431,80,,,,322814
7,10,261,6,2024,710261,10,2412388,6388,0,2418776,20,0,0,0,0,54,0,0,0,0,56,12529,477,3,13009,60,2424917,6865,3,2431785,80,,,,5043
7,10,269,6,2024,710269,10,2952991,20209,2110,2975309,20,0,0,0,0,54,0,0,0,0,56,1099,550,4765,6414,60,2954090,20758,6875,2981723,80,,,,5339
7,10,454,6,2024,710454,10,2997589,4516,113,3002217,20,0,0,0,0,54,0,0,0,0,56,332,611,448,1390,60,2997920,5127,561,3003607,80,,,,8367
7,10,549,6,2024,710549,10,697342,2425,223,699991,20,0,0,0,0,54,0,0,0,0,56,255,166,0,421,60,697597,2591,223,700411,80,,,,2625
7,10,551,6,2024,710551,10,681482,1186,0,682668,20,0,0,0,0,54,0,0,0,0,56,286,16,11095,11398,60,681769,1202,11095,694066,80,,,,3012
7,10,566,6,2024,710566,10,12440937,93672,25295,12559904,20,0,0,0,0,54,255,0,0,255,56,8181,5176,18400,31757,60,12449374,98848,43694,12591916,80,,,,30213
7,10,862,6,2024,710862,10,374661,1163,0,375824,20,0,0,0,0,54,0,0,0,0,56,90,559,20,669,60,374751,1722,20,376494,80,,,,1597
7,10,924,6,2024,710924,10,1039128,2105,0,1041233,20,0,0,0,0,54,0,0,0,0,56,2381,320,170,2871,60,1041510,2425,170,1044104,80,,,,4214
7,10,973,6,2024,710973,10,1054127,2277,0,1056404,20,0,0,0,0,54,0,0,0,0,56,16,156,189,361,60,1054143,2433,189,1056765,80,,,,4921
7,10,981,6,2024,710981,10,1521079,4205,0,1525284,20,0,0,0,0,54,0,0,0,0,56,86,57,66,209,60,1521164,4262,66,1525493,80,,,,6147
7,10,985,6,2024,710985,10,1096322,9709,61,1106092,20,0,0,0,0,54,0,0,0,0,56,2575,2642,1542,6759,60,1098897,12351,1603,1112851,80,,,,5418
7,10,990,6,2024,710990,10,1341696,2959,67,1344722,20,0,0,0,0,54,16,0,0,16,56,3881,85,2750,6716,60,1345593,3043,2817,1351454,80,,,,5693
7,20,33,6,2024,720033,10,3167843,21969,0,3189813,20,0,0,0,0,54,0,0,0,0,56,4411,2523,2314,9248,60,3172254,24493,2314,3199061,80,,,,16804
7,20,40,6,2024,720040,10,754607,2990,237,757834,20,0,0,0,0,54,0,0,0,0,56,361,68,777,1207,60,754969,3059,1014,759041,80,,,,6949
7,20,60,6,2024,720060,10,166626,2968,431,170026,20,0,0,0,0,54,0,0,0,0,56,647,177,446,1269,60,167273,3145,877,171295,80,,,,846
7,20,66,6,2024,720066,10,4329936,32644,0,4362580,20,0,0,0,0,54,0,0,0,0,56,4125,2254,11469,17847,60,4334061,34897,11469,4380427,80,,,,36343
7,20,131,6,2024,720131,10,693601,2217,0,695818,20,0,0,0,0,54,0,0,0,0,56,737,589,2616,3941,60,694338,2806,2616,699759,80,,,,3824
7,20,143,6,2024,720143,10,789003,6777,0,795780,20,0,0,0,0,54,0,0,0,0,56,767,146,313,1226,60,789770,6923,313,797006,80,,,,6647
7,20,168,6,2024,720168,10,636180,2809,411,639400,20,0,0,0,0,54,,,,0,56,3021,16,1908,4945,60,639201,2825,2319,644345,80,,,,3240
7,20,186,6,2024,720186,10,390005,2862,0,392866,20,0,0,0,0,54,0,0,0,0,56,43,0,232,274,60,390047,2862,232,393141,80,,,,2208
7,20,188,6,2024,720188,10,853743,2278,1,856021,20,0,0,0,0,54,0,0,0,0,56,57,98,4873,5028,60,853799,2376,4874,861049,80,,,,2169
7,20,194,6,2024,720194,10,2215418,10250,0,2225668,20,0,0,0,0,54,1147,0,0,1147,56,11877,1909,7533,21319,60,2228443,12158,7533,2248134,80,,,,16173
7,20,336,6,2024,720336,10,1494346,3922,0,1498268,20,0,0,0,0,54,0,0,0,0,56,1985,880,6074,8938,60,1496330,4802,6074,1507206,80,,,,8031
7,20,345,6,2024,720345,10,6826709,48725,0,6875434,20,0,0,0,0,54,0,0,0,0,56,10800,2635,12118,25554,60,6837509,51361,12118,6900988,80,,,,37655
7,20,376,6,2024,720376,10,1524348,2381,0,1526728,20,0,0,0,0,54,208,0,0,208,56,4301,3,1398,5701,60,1528856,2383,1398,1532638,80,,,,3570
7,20,440,6,2024,720440,10,2715496,11109,0,2726605,20,0,0,0,0,54,95,0,0,95,56,2701,867,6482,10050,60,2718292,11976,6482,2736749,80,,,,13970
7,20,899,6,2024,720899,10,3210785,10292,2892,3223970,20,0,0,0,0,54,0,0,0,0,56,642,237,4711,5590,60,3211427,10529,7603,3229560,80,,,,17488
7,20,922,6,2024,720922,10,624286,2884,12,627182,20,0,0,0,0,54,0,0,0,0,56,1288,264,1422,2974,60,625574,3148,1435,630156,80,,,,4421
7,22,12,6,2024,722012,10,12703831,25614,47,12729493,20,0,0,0,0,54,2995,0,0,2995,56,30242,676,10143,41062,60,12737069,26290,10191,12773549,80,,,,49857
7,22,114,6,2024,722114,10,1455870,5249,0,1461119,20,0,0,0,0,54,85,0,0,85,56,7354,0,219,7572,60,1463309,5249,219,1468776,80,,,,7579
7,22,146,6,2024,722146,10,6291824,25435,2477,6319735,20,0,0,0,0,54,1088,971,4362,6421,56,14432,0,2976,17408,60,6307344,26405,9815,6343564,80,,,,22315
7,22,198,6,2024,722198,10,40606302,145094,23059,40774455,20,0,0,0,0,54,0,0,0,0,56,70964,3000,23817,97781,60,40677265,148094,46876,40872235,80,,,,198404
7,22,216,6,2024,722216,10,14169567,14802,1736,14186105,20,0,0,0,0,54,928,0,0,928,56,44375,138,6766,51279,60,14214869,14940,8502,14238312,80,,,,34389
7,22,233,6,2024,722233,10,33260552,90343,76733,33427629,20,0,0,0,0,54,43314,2734,0,46048,56,24227,32975,82450,139652,60,33328094,126052,159183,33613329,80,,,,144509
7,22,313,6,2024,722313,10,1843666,6287,312,1850265,20,0,0,0,0,54,0,0,0,0,56,6981,1687,3309,11978,60,1850647,7974,3621,1862242,80,,,,12288
7,22,350,6,2024,722350,10,2347845,4804,0,2352648,20,0,0,0,0,54,1,31,0,32,56,5884,252,6489,12626,60,2353730,5087,6489,2365306,80,,,,8711
7,22,406,6,2024,722406,10,921265,3297,0,924561,20,0,0,0,0,54,0,0,0,0,56,3,169,0,173,60,921268,3466,0,924734,80,,,,4104
7,22,644,6,2024,722644,10,6459951,2668,0,6462619,20,0,0,0,0,54,1736,89,0,1826,56,13644,3677,3570,20890,60,6475331,6434,3570,6485335,80,,,,28585
7,22,918,6,2024,722918,10,28998328,232539,30495,29261362,20,0,0,0,0,54,6702,1070,1657,9429,56,107590,12179,176626,296394,60,29112620,245788,208777,29567185,80,,,,90298
7,25,31,6,2024,725031,10,405252,893,0,406145,20,0,0,0,0,54,0,0,0,0,56,939,2201,0,3139,60,406191,3093,0,409284,80,,,,2124
7,25,131,6,2024,725131,10,2005162,6821,0,2011983,20,0,0,0,0,54,0,0,0,0,56,11489,8257,3591,23338,60,2016651,15079,3591,2035321,80,,,,6296
7,25,203,6,2024,725203,10,20613024,8462,7883,20629369,20,2169,0,0,2169,54,0,0,0,0,56,195427,21206,137960,354592,60,20810620,29668,145842,20986130,80,,,,21135
7,25,247,6,2024,725247,10,1385919,2288,0,1388206,20,0,0,0,0,54,0,0,0,0,56,8510,0,822,9331,60,1394428,2288,822,1397538,80,,,,4102
7,25,326,6,2024,725326,10,11929272,32598,328,11962198,20,0,0,0,0,54,0,0,0,0,56,7763,1027,27036,35826,60,11937035,33626,27364,11998025,80,,,,26025
7,25,355,6,2024,725355,10,29950588,177478,88114,30216180,20,0,0,0,0,54,0,0,0,0,56,43043,28337,113483,184864,60,29993631,205815,201597,30401044,80,,,,33873
7,25,429,6,2024,725429,10,1855239,696,557,1856492,20,0,0,0,0,54,0,0,0,0,56,4138,9106,444,13689,60,1859377,9802,1001,1870181,80,,,,4369
7,25,450,6,2024,725450,10,4465838,46537,19499,4531874,20,0,0,0,0,54,0,0,0,0,56,27309,12924,26016,66249,60,4493148,59461,45514,4598123,80,,,,5193
7,25,466,6,2024,725466,10,758819,106,0,758924,20,0,0,0,0,54,0,0,0,0,56,2804,0,4180,6984,60,761623,106,4180,765908,80,,,,1213
7,25,488,6,2024,725488,10,1029564,8742,0,1038306,20,0,0,0,0,54,0,0,0,0,56,1810,0,0,1810,60,1031374,8742,0,1040116,80,,,,2687
7,25,629,6,2024,725629,10,1884485,6928,1218,1892630,20,0,0,0,0,54,0,0,0,0,56,3137,257,813,4207,60,1887622,7185,2031,1896838,80,,,,6378
7,25,676,6,2024,725676,10,1575519,10393,8252,1594164,20,0,0,0,0,54,0,0,0,0,56,1020,47,3009,4077,60,1576540,10440,11262,1598241,80,,,,1738
7,25,715,6,2024,725715,10,504842,81,0,504922,20,0,0,0,0,54,3,0,0,3,56,0,0,0,0,60,504845,81,0,504925,80,,,,1728
7,25,818,6,2024,725818,10,2366313,80951,2234,2449498,20,0,0,0,0,54,0,0,0,0,56,19199,25027,1088,45313,60,2385512,105977,3321,2494810,80,,,,2847
7,25,839,6,2024,725839,10,2958533,2598,34,2961165,20,0,0,0,0,54,0,0,0,0,56,25819,0,696,26515,60,2984352,2598,730,2987680,80,,,,10631
7,25,940,6,2024,725940,10,1579957,8401,0,1588358,20,0,0,0,0,54,0,0,0,0,56,450,36,2841,3328,60,1580408,8437,2841,1591686,80,,,,3962
8,10,586,6,2024,810586,10,1078708,2593,393,1081694,20,0,0,0,0,54,0,0,0,0,56,2655,0,209,2864,60,1081364,2593,602,1084558,80,,,,2731
9,25,0,6,2024,925000,10,150993941,40678,8116,151042736,20,0,0,0,0,54,0,0,407,407,56,140197,8768,22588,171553,60,151134139,49446,31112,151214696,80,,,,57805
20,0,2,6,2024,2000002,10,0,0,0,0,20,0,0,0,0,54,0,0,0,0,56,0,0,0,0,60,0,0,0,0,80,,,,0
20,0,4,6,2024,2000004,10,4179799,33345,5254,4218398,20,0,0,0,0,54,0,0,407,407,56,9110,1220,10924,21254,60,4188909,34565,16586,4240059,80,,,,29505
20,0,11,6,2024,2000011,10,0,0,0,0,20,0,0,0,0,54,0,0,0,0,56,0,0,0,0,60,0,0,0,0,80,,,,0
20,0,12,6,2024,2000012,10,0,0,0,0,20,0,0,0,0,54,0,0,0,0,56,0,0,0,0,60,0,0,0,0,80,,,,0
