6,10,0,6,2024,610000,30224551,104778,0,37288569,0,23047,14603,37858490,35552195,0,0,35552195,35981093,1877397,191,7063827,135943,28200
6,20,0,6,2024,620000,34429053,98649,435124,43655888,23791,16411,1786,44288310,42264472,0,0,42264472,42620571,1667739,1275,8790436,89190,2692
6,22,0,6,2024,622000,151938624,1508668,936203,176758213,2636,93666,2426,179132478,164750619,0,4435539,169186158,170579768,8552710,0,23883386,10556,27353
7,10,261,6,2024,710261,2391155,26391,0,2391400,0,12895,0,2498169,0,2170231,868,2171099,2196066,302103,0,245,42380,0
7,10,269,6,2024,710269,2916267,38730,0,3108579,0,7084,11564,3257762,0,2758392,27470,2785862,2807269,450494,0,192312,54183,2028
7,10,454,6,2024,710454,2932819,23302,0,2932819,0,4406,4906,3023813,0,2564449,1609,2566058,2541370,482443,0,0,51042,987
7,10,549,6,2024,710549,682837,8362,0,682837,0,980,1004,715363,0,578269,22,578291,583308,132055,0,0,11363,209
7,10,551,6,2024,710551,690886,4001,0,690886,0,13855,214,725359,0,611079,1333,612411,620539,104819,0,0,12152,255
7,10,566,6,2024,710566,12302757,96305,0,12303625,258,32316,20559,12834469,0,10831125,9079,10840204,10934740,1899729,0,868,236574,13689
7,10,862,6,2024,710862,366999,2304,0,366999,0,689,0,383944,0,313090,82,313172,315186,68758,0,0,6427,184
7,10,924,6,2024,710924,1014543,12122,0,1014543,0,3195,222,1054461,0,845491,1794,847285,855720,198741,0,0,17756,447
7,10,973,6,2024,710973,1022689,13247,0,1022689,0,373,0,1059360,0,870657,44,870700,887255,172104,0,0,17257,303
7,10,981,6,2024,710981,1489021,14935,0,1489885,0,553,593,1559149,0,1311462,94,1311556,1332458,226691,0,864,25396,440
7,10,985,6,2024,710985,1085756,10813,0,1085756,0,5036,472,1145419,0,984373,103,984476,992031,153388,0,0,18748,671
7,10,990,6,2024,710990,1340127,12455,0,1340127,17,2826,0,1383404,0,1137497,12,1137508,1146329,237075,0,0,23047,520
7,20,33,6,2024,720033,3092878,30509,0,3092878,0,10503,796,3245934,0,2556376,134,2556511,2598662,647272,0,0,89251,1326
7,20,40,6,2024,720040,733289,8054,0,733432,0,1299,0,760119,0,605230,68,605298,610663,149457,143,0,12303,220
7,20,60,6,2024,720060,169195,998,0,169195,0,1860,798,175151,0,112004,0,112004,114135,61016,0,0,2378,131
7,20,66,6,2024,720066,4273070,38295,0,4276325,0,17483,6,4447678,0,3558189,3,3558192,3625616,822063,2624,632,68947,3225
7,20,131,6,2024,720131,671086,10251,0,675889,0,4807,143,698135,0,561497,5315,566812,573341,124793,-49,4852,10548,341
7,20,143,6,2024,720143,783011,5721,0,783131,0,1326,0,805105,0,586716,0,586716,596328,208777,120,0,11486,456
7,20,168,6,2024,720168,617410,8365,0,621379,0,6686,312,660658,0,521529,0,521530,528045,132613,0,3969,20945,280
7,20,186,6,2024,720186,387497,3595,0,387744,0,169,0,399236,0,296266,913,297179,301297,97939,247,0,5817,294
7,20,188,6,2024,720188,848494,5505,0,930156,0,6757,661,968580,0,810130,0,810130,822105,146474,560,81102,15958,352
7,20,194,6,2024,720194,2168925,12134,0,2168933,1147,21411,150,2252202,0,1724859,0,1724859,1749080,503122,8,0,33054,961
7,20,336,6,2024,720336,1426402,15581,0,1426598,0,8583,0,1491027,0,1181448,498,1181946,1197358,293669,196,0,20908,1023
7,20,345,6,2024,720345,6726720,35981,0,6726924,0,27427,1338,6929430,0,5614146,1,5614147,5673570,1255859,204,0,104090,3830
7,20,376,6,2024,720376,1534408,9179,0,1536182,323,8858,865,1585435,0,1192187,10591,1202778,1220187,365249,60,1714,24890,912
7,20,440,6,2024,720440,2626489,34303,0,2628858,95,10542,460,2735365,0,2175561,1,2175562,2210951,524414,-1,2370,41186,1269
7,20,899,6,2024,720899,3162203,43678,0,3197335,0,5684,399,3315495,0,2756163,2402,2758565,2782582,532913,0,35132,51030,6212
7,20,922,6,2024,720922,606319,9582,514,607136,0,3235,945,637445,0,494862,4779,499641,506113,131332,304,0,9387,375
7,22,12,6,2024,722012,12546979,93969,0,12547618,3286,35861,3304,13276085,0,10570977,9384,10580362,10768304,2507781,0,639,474584,33951
7,22,114,6,2024,722114,1428575,19605,0,1428575,203,8321,69,1531685,0,1145522,0,1145522,1166651,365035,0,0,54472,434
7,22,146,6,2024,722146,6187764,74208,0,6572716,6423,15606,3139,6987260,0,5616008,0,5616008,5720555,1266705,0,384952,225739,33674
7,22,198,6,2024,722198,39725406,529744,0,41001362,0,115529,650,43572017,0,35335312,0,35335312,35783745,7788272,0,1275955,1407960,227820
7,22,216,6,2024,722216,13693226,153396,0,13693226,928,45888,472,14462462,0,11509487,0,11509487,11739754,2722709,0,0,429716,26545
7,22,233,6,2024,722233,32883710,319071,0,34796277,37112,92004,9430,36940008,0,30256315,6257,30262572,30674417,6265591,0,1912567,1208989,139807
7,22,313,6,2024,722313,1822983,15841,0,1822983,0,12949,293,1943863,0,1513071,17370,1530441,1551101,392762,0,0,61355,4727
7,22,350,6,2024,722350,2229491,29965,0,2229517,67,11094,61,2360595,0,1853506,113,1853619,1880487,480107,0,26,76393,448
7,22,406,6,2024,722406,869472,14571,0,899955,0,226,98,962956,0,739578,227,739805,749949,213007,0,30483,36096,256
7,22,644,6,2024,722644,6243583,73075,0,6243583,1475,19439,2834,6660834,0,5332571,17626,5350196,5433543,1227291,0,0,232490,32360
7,22,918,6,2024,722918,28745406,301405,0,30459249,9426,238513,14545,32700678,0,26823621,214919,27038540,27677654,5023023,12004,1701839,1089495,129331
7,25,31,6,2024,725031,390207,5811,0,390207,0,577,2731,407299,0,296248,32288,328537,330293,77006,0,0,7826,148
7,25,131,6,2024,725131,1992307,26686,0,1992307,0,14894,1142,2124867,0,1724071,9334,1733405,1746772,378095,0,0,51332,5271
7,25,203,6,2024,725203,20222629,224772,0,20222629,0,319973,17666,21641038,0,17366810,454226,17821036,17995009,3646029,0,0,550414,44293
7,25,247,6,2024,725247,1368560,24297,0,1368560,0,8736,2,1456098,0,1092464,41994,1134458,1142496,313602,0,0,31592,448
7,25,326,6,2024,725326,11841126,62215,3922,11845048,0,25042,0,12254244,0,9833398,2641,9836039,9989954,2264290,0,0,301580,22542
7,25,355,6,2024,725355,29315803,338780,0,31093816,4763,142012,11660,32688818,0,25805725,718862,26524587,26958543,5730275,0,1778013,852333,102657
7,25,429,6,2024,725429,1843432,29486,0,1843432,0,2170,0,1964784,0,1572085,17985,1590070,1606126,358658,0,0,50004,325
7,25,450,6,2024,725450,4453058,65872,0,4454943,0,29080,0,4685793,0,3750875,111817,3862692,3878060,807733,0,1885,108071,0
7,25,466,6,2024,725466,719085,12775,0,719085,0,7571,0,763609,0,575386,26666,602052,607743,155866,0,0,16938,143
7,25,488,6,2024,725488,1001132,13872,0,1001132,0,1620,32,1048390,0,795193,22854,818046,823325,225065,0,0,23728,260
7,25,629,6,2024,725629,1823613,40505,0,1823613,0,7452,0,1942907,0,1575286,15145,1590430,1603163,339743,0,0,44422,579
7,25,676,6,2024,725676,1537369,27271,0,1537369,0,2860,0,1631478,0,1222257,68641,1290898,1298346,333132,0,0,40367,2270
7,25,715,6,2024,725715,489382,8923,0,489382,3,0,0,515563,0,382578,13258,395837,399588,115975,0,0,10479,169
7,25,818,6,2024,725818,2403836,44840,0,2403836,0,4798,0,2540333,0,2019860,52256,2072116,2085777,454555,0,0,60619,520
7,25,839,6,2024,725839,2915206,38320,0,2923846,0,31857,0,3104964,0,2496026,0,2496026,2506767,598197,0,8639,68521,17935
7,25,940,6,2024,725940,1542167,23630,0,1542167,0,7659,84,1635272,0,1281178,25320,1306498,1312839,322432,0,0,37996,2378
8,10,586,6,2024,810586,1053825,18542,0,1053825,0,2959,0,1099818,0,922187,0,922187,928459,171360,0,0,20139,202
9,25,0,6,2024,925000,149787028,813650,0,189766155,151,149850,3,192431005,174795819,0,2184102,176979920,180745247,11685759,0,39979127,147407,134264
20,0,2,6,2024,2000002,0,0,0,0,0,0,0,63460,0,0,0,0,51759,11701,0,0,0,0
20,0,4,6,2024,2000004,4207110,0,0,4207110,151,21845,0,4438059,0,2996449,0,2996449,3882859,555200,0,0,0,0
20,0,7,6,2024,2000007,0,0,13336,13336,0,0,0,52354,0,22,0,22,22444,29910,0,0,0,626
20,0,9,6,2024,2000009,0,0,5251,5251,0,0,0,18392,0,0,0,0,6206,12186,0,0,13,195
20,0,11,6,2024,2000011,0,0,1321,1321,0,0,0,3006,0,0,0,0,1467,1539,0,0,0,0
20,0,12,6,2024,2000012,0,0,0,0,0,0,0,51735,0,21716,0,21716,27333,24402,0,0,16,0
