6,10,0,6,2024,610000,10,0,1000000,400000,20,0,0,0,30,0,0,0,40,0,0,0,50,0,1000000,400000,60,40000,75000,0,70,0,0,0,80,0,0,0,90,0,0,0,100,40000,75000,0,110,40000,1075000,400000
6,20,0,6,2024,620000,10,0,0,0,20,0,0,0,30,0,0,0,40,0,0,0,50,0,0,0,60,0,0,0,70,595,0,0,80,0,0,0,90,7437,0,0,100,8032,0,0,110,8032,0,0
6,22,0,6,2024,622000,10,12475000,2197322,3217326,20,0,0,0,30,0,0,0,40,0,0,0,50,12475000,2197322,3217326,60,4000000,1897322,362326,70,0,0,0,80,0,0,0,90,0,0,0,100,4000000,1897322,362326,110,16475000,4094644,3579651
7,10,261,6,2024,710261,10,0,0,0,20,0,0,0,30,0,0,0,40,0,0,0,50,0,0,0,60,0,0,0,70,0,0,0,80,0,0,0,90,0,0,0,100,0,0,0,110,0,0,0
7,10,269,6,2024,710269,10,0,0,0,20,0,0,0,30,0,0,0,40,0,0,0,50,0,0,0,60,0,0,0,70,0,0,0,80,0,0,0,90,0,0,0,100,0,0,0,110,0,0,0
7,10,454,6,2024,710454,10,0,0,0,20,0,0,0,30,0,0,0,40,0,0,0,50,0,0,0,60,0,0,0,70,0,0,0,80,0,0,0,90,0,0,0,100,0,0,0,110,0,0,0
7,10,549,6,2024,710549,10,0,0,0,20,0,0,0,30,0,0,0,40,0,0,0,50,0,0,0,60,0,0,0,70,0,0,0,80,0,0,0,90,0,0,0,100,0,0,0,110,0,0,0
7,10,551,6,2024,710551,10,0,0,0,20,0,0,0,30,0,0,0,40,0,0,0,50,0,0,0,60,0,0,0,70,0,0,0,80,0,0,0,90,0,0,0,100,0,0,0,110,0,0,0
7,10,566,6,2024,710566,10,0,0,0,20,0,0,0,30,0,0,0,40,0,0,0,50,0,0,0,60,0,0,0,70,0,0,0,80,0,0,0,90,0,0,0,100,0,0,0,110,0,0,0
7,10,862,6,2024,710862,10,0,0,0,20,0,0,0,30,0,0,0,40,0,0,0,50,0,0,0,60,0,0,0,70,0,0,0,80,0,0,0,90,0,0,0,100,0,0,0,110,0,0,0
7,10,924,6,2024,710924,10,0,0,0,20,0,0,0,30,0,0,0,40,0,0,0,50,0,0,0,60,0,0,0,70,0,0,0,80,0,0,0,90,0,0,0,100,0,0,0,110,0,0,0
7,10,973,6,2024,710973,10,0,0,0,20,0,0,0,30,0,0,0,40,0,0,0,50,0,0,0,60,0,0,0,70,0,0,0,80,0,0,0,90,0,0,0,100,0,0,0,110,0,0,0
7,10,981,6,2024,710981,10,0,0,0,20,0,0,0,30,0,0,0,40,0,0,0,50,0,0,0,60,0,0,0,70,0,0,0,80,0,0,0,90,0,0,0,100,0,0,0,110,0,0,0
7,10,985,6,2024,710985,10,0,0,0,20,0,0,0,30,0,0,0,40,0,0,0,50,0,0,0,60,0,0,0,70,0,0,0,80,0,0,0,90,0,0,0,100,0,0,0,110,0,0,0
7,10,990,6,2024,710990,10,0,0,0,20,0,0,0,30,0,0,0,40,0,0,0,50,0,0,0,60,0,0,0,70,0,0,0,80,0,0,0,90,0,0,0,100,0,0,0,110,0,0,0
7,20,33,6,2024,720033,10,0,0,0,20,0,0,0,30,0,0,0,40,0,0,0,50,0,0,0,60,0,0,0,70,0,0,0,80,0,0,0,90,0,0,0,100,0,0,0,110,0,0,0
7,20,40,6,2024,720040,10,0,0,0,20,0,0,0,30,0,0,0,40,0,0,0,50,0,0,0,60,0,0,0,70,0,0,0,80,0,0,0,90,0,0,0,100,0,0,0,110,0,0,0
7,20,60,6,2024,720060,10,0,0,0,20,0,0,0,30,0,0,0,40,0,0,0,50,0,0,0,60,0,0,0,70,0,0,0,80,0,0,0,90,0,0,0,100,0,0,0,110,0,0,0
7,20,66,6,2024,720066,10,0,0,0,20,0,0,0,30,0,0,0,40,0,0,0,50,0,0,0,60,0,0,0,70,0,0,0,80,0,0,0,90,0,0,0,100,0,0,0,110,0,0,0
7,20,131,6,2024,720131,10,0,0,0,20,0,0,0,30,0,0,0,40,0,0,0,50,0,0,0,60,0,0,0,70,0,0,0,80,0,0,0,90,0,0,0,100,0,0,0,110,0,0,0
7,20,143,6,2024,720143,10,0,0,0,20,0,0,0,30,0,0,0,40,0,0,0,50,0,0,0,60,0,0,0,70,0,0,0,80,0,0,0,90,0,0,0,100,0,0,0,110,0,0,0
7,20,168,6,2024,720168,10,0,0,0,20,0,0,0,30,0,0,0,40,0,0,0,50,0,0,0,60,0,0,0,70,0,0,0,80,0,0,0,90,0,0,0,100,0,0,0,110,0,0,0
7,20,186,6,2024,720186,10,0,0,0,20,0,0,0,30,0,0,0,40,0,0,0,50,0,0,0,60,0,0,0,70,0,0,0,80,0,0,0,90,0,0,0,100,0,0,0,110,0,0,0
7,20,188,6,2024,720188,10,0,0,0,20,0,0,0,30,0,0,0,40,0,0,0,50,0,0,0,60,0,0,0,70,0,0,0,80,0,0,0,90,0,0,0,100,0,0,0,110,0,0,0
7,20,194,6,2024,720194,10,0,0,0,20,0,0,0,30,0,0,0,40,0,0,0,50,0,0,0,60,0,0,0,70,0,0,0,80,0,0,0,90,0,0,0,100,0,0,0,110,0,0,0
7,20,336,6,2024,720336,10,0,0,0,20,0,0,0,30,0,0,0,40,0,0,0,50,0,0,0,60,0,0,0,70,0,0,0,80,0,0,0,90,0,0,0,100,0,0,0,110,0,0,0
7,20,345,6,2024,720345,10,0,0,0,20,0,0,0,30,0,0,0,40,0,0,0,50,0,0,0,60,0,0,0,70,0,0,0,80,0,0,0,90,0,0,0,100,0,0,0,110,0,0,0
7,20,376,6,2024,720376,10,0,0,0,20,0,0,0,30,0,0,0,40,0,0,0,50,0,0,0,60,0,0,0,70,0,0,0,80,0,0,0,90,0,0,0,100,0,0,0,110,0,0,0
7,20,440,6,2024,720440,10,0,0,0,20,0,0,0,30,0,0,0,40,0,0,0,50,0,0,0,60,0,0,0,70,0,0,0,80,0,0,0,90,0,0,0,100,0,0,0,110,0,0,0
7,20,899,6,2024,720899,10,0,0,0,20,0,0,0,30,0,0,0,40,0,0,0,50,0,0,0,60,0,0,0,70,0,0,0,80,0,0,0,90,0,0,0,100,0,0,0,110,0,0,0
7,20,922,6,2024,720922,10,0,0,0,20,0,0,0,30,0,0,0,40,0,0,0,50,0,0,0,60,0,0,0,70,0,0,0,80,0,0,0,90,0,0,0,100,0,0,0,110,0,0,0
7,22,12,6,2024,722012,10,0,0,0,20,0,0,0,30,0,0,0,40,0,0,0,50,0,0,0,60,0,0,0,70,0,0,0,80,0,0,0,90,0,0,0,100,0,0,0,110,0,0,0
7,22,114,6,2024,722114,10,0,0,0,20,0,0,0,30,0,0,0,40,0,0,0,50,0,0,0,60,0,0,0,70,0,0,0,80,0,0,0,90,0,0,0,100,0,0,0,110,0,0,0
7,22,146,6,2024,722146,10,0,0,0,20,0,0,0,30,0,0,0,40,0,0,0,50,0,0,0,60,0,0,0,70,0,0,0,80,0,0,0,90,0,0,0,100,0,0,0,110,0,0,0
7,22,198,6,2024,722198,10,0,0,0,20,0,0,0,30,0,0,0,40,0,0,0,50,0,0,0,60,0,0,0,70,0,0,0,80,0,0,0,90,0,0,0,100,0,0,0,110,0,0,0
7,22,216,6,2024,722216,10,0,0,0,20,0,0,0,30,0,0,0,40,0,0,0,50,0,0,0,60,0,0,0,70,5721,0,0,80,0,0,0,90,0,0,0,100,5721,0,0,110,5721,0,0
7,22,233,6,2024,722233,10,0,0,0,20,0,0,0,30,0,0,0,40,0,0,0,50,0,0,0,60,0,0,0,70,0,0,0,80,0,0,0,90,0,0,0,100,0,0,0,110,0,0,0
7,22,313,6,2024,722313,10,0,0,0,20,0,0,0,30,0,0,0,40,0,0,0,50,0,0,0,60,0,0,0,70,0,0,0,80,0,0,0,90,0,0,0,100,0,0,0,110,0,0,0
7,22,350,6,2024,722350,10,0,0,0,20,0,0,0,30,0,0,0,40,0,0,0,50,0,0,0,60,0,0,0,70,0,0,0,80,0,0,0,90,0,0,0,100,0,0,0,110,0,0,0
7,22,406,6,2024,722406,10,0,0,0,20,0,0,0,30,0,0,0,40,0,0,0,50,0,0,0,60,0,0,0,70,0,0,0,80,0,0,0,90,0,0,0,100,0,0,0,110,0,0,0
7,22,644,6,2024,722644,10,0,0,0,20,0,0,0,30,0,0,0,40,0,0,0,50,0,0,0,60,0,0,0,70,0,0,0,80,0,0,0,90,0,0,0,100,0,0,0,110,0,0,0
7,22,918,6,2024,722918,10,0,0,0,20,0,0,0,30,0,0,0,40,0,0,0,50,0,0,0,60,0,0,0,70,23689,0,0,80,0,0,0,90,0,0,0,100,23689,0,0,110,23689,0,0
7,25,31,6,2024,725031,10,0,0,0,20,0,0,0,30,0,0,0,40,0,0,0,50,0,0,0,60,0,0,0,70,0,0,0,80,0,0,0,90,0,0,0,100,0,0,0,110,0,0,0
7,25,131,6,2024,725131,10,0,0,0,20,0,0,0,30,0,0,0,40,0,0,0,50,0,0,0,60,0,0,0,70,0,0,0,80,0,0,0,90,0,0,0,100,0,0,0,110,0,0,0
7,25,203,6,2024,725203,10,0,0,0,20,0,0,0,30,0,0,0,40,0,0,0,50,0,0,0,60,0,0,0,70,0,0,0,80,0,0,0,90,0,213415,42958,100,0,213415,42958,110,0,213415,42958
7,25,247,6,2024,725247,10,0,0,0,20,0,0,0,30,0,0,0,40,0,0,0,50,0,0,0,60,0,0,0,70,0,0,0,80,0,0,0,90,0,0,0,100,0,0,0,110,0,0,0
7,25,326,6,2024,725326,10,0,0,0,20,0,0,0,30,0,0,0,40,0,0,0,50,0,0,0,60,475000,1245000,0,70,0,0,0,80,0,0,0,90,0,0,0,100,475000,1245000,0,110,475000,1245000,0
7,25,355,6,2024,725355,10,0,0,0,20,0,0,0,30,0,0,0,40,0,0,0,50,0,0,0,60,200,0,0,70,0,0,0,80,0,0,0,90,0,0,0,100,200,0,0,110,200,0,0
7,25,429,6,2024,725429,10,0,0,0,20,0,0,0,30,0,0,0,40,0,0,0,50,0,0,0,60,0,0,0,70,0,0,0,80,0,0,0,90,0,0,0,100,0,0,0,110,0,0,0
7,25,450,6,2024,725450,10,0,0,0,20,0,0,0,30,0,0,0,40,0,0,0,50,0,0,0,60,0,0,0,70,0,0,0,80,0,0,0,90,0,0,0,100,0,0,0,110,0,0,0
7,25,466,6,2024,725466,10,0,0,0,20,0,0,0,30,0,0,0,40,0,0,0,50,0,0,0,60,0,0,0,70,0,0,0,80,0,0,0,90,0,0,0,100,0,0,0,110,0,0,0
7,25,488,6,2024,725488,10,0,0,0,20,0,0,0,30,0,0,0,40,0,0,0,50,0,0,0,60,0,0,0,70,0,0,0,80,0,0,0,90,0,0,0,100,0,0,0,110,0,0,0
7,25,629,6,2024,725629,10,0,0,0,20,0,0,0,30,0,0,0,40,0,0,0,50,0,0,0,60,0,0,0,70,0,0,0,80,0,0,0,90,0,0,0,100,0,0,0,110,0,0,0
7,25,676,6,2024,725676,10,0,0,0,20,0,0,0,30,0,0,0,40,0,0,0,50,0,0,0,60,0,0,0,70,0,0,0,80,0,0,0,90,0,0,0,100,0,0,0,110,0,0,0
7,25,715,6,2024,725715,10,0,0,0,20,0,0,0,30,0,0,0,40,0,0,0,50,0,0,0,60,0,0,0,70,0,0,0,80,0,0,0,90,0,0,0,100,0,0,0,110,0,0,0
7,25,818,6,2024,725818,10,0,0,0,20,0,0,0,30,0,0,0,40,0,0,0,50,0,0,0,60,0,0,0,70,0,0,0,80,0,0,0,90,0,0,0,100,0,0,0,110,0,0,0
7,25,839,6,2024,725839,10,0,0,0,20,0,0,0,30,0,0,0,40,0,0,0,50,0,0,0,60,0,0,0,70,0,0,0,80,0,0,0,90,0,0,0,100,0,0,0,110,0,0,0
7,25,940,6,2024,725940,10,0,0,0,20,0,0,0,30,0,0,0,40,0,0,0,50,0,0,0,60,0,0,0,70,0,0,0,80,0,0,0,90,0,0,0,100,0,0,0,110,0,0,0
8,10,586,6,2024,810586,10,0,0,0,20,0,0,0,30,0,0,0,40,0,0,0,50,0,0,0,60,0,0,0,70,0,0,0,80,0,0,0,90,0,0,0,100,0,0,0,110,0,0,0
9,25,0,6,2024,925000,10,31419683,15014005,6735059,20,0,0,0,30,0,0,0,40,0,0,0,50,31419683,15014005,6735059,60,7695472,14460914,6463382,70,51916,0,0,80,0,225982,37958,90,0,0,0,100,7747387,14686896,6501341,110,39167070,29700901,13236400
20,0,2,6,2024,2000002,10,0,0,0,20,0,0,0,30,0,0,0,40,0,0,0,50,0,0,0,60,0,0,0,70,0,0,0,80,0,0,0,90,0,0,0,100,0,0,0,110,0,0,0
20,0,4,6,2024,2000004,10,0,0,0,20,0,0,0,30,0,0,0,40,0,0,0,50,0,0,0,60,0,0,0,70,0,0,0,80,0,0,0,90,0,0,0,100,0,0,0,110,0,0,0
20,0,7,6,2024,2000007,10,0,0,0,20,0,0,0,30,0,0,0,40,0,0,0,50,0,0,0,60,0,0,0,70,0,0,0,80,0,0,0,90,0,0,0,100,0,0,0,110,0,0,0
20,0,9,6,2024,2000009,10,0,0,0,20,0,0,0,30,0,0,0,40,0,0,0,50,0,0,0,60,0,0,0,70,0,0,0,80,0,0,0,90,0,0,0,100,0,0,0,110,0,0,0
20,0,11,6,2024,2000011,10,0,0,0,20,0,0,0,30,0,0,0,40,0,0,0,50,0,0,0,60,0,0,0,70,0,0,0,80,0,0,0,90,0,0,0,100,0,0,0,110,0,0,0
20,0,12,6,2024,2000012,10,0,0,0,20,0,0,0,30,0,0,0,40,0,0,0,50,0,0,0,60,0,0,0,70,0,0,0,80,0,0,0,90,0,0,0,100,0,0,0,110,0,0,0
