6,10,0,6,2024,610000,1389786,1394858,878571,962316,2268358,2357174,35736,39577,2304094,2396751,2268358,2317597,16208141,16090527,16177571,16055301,794375,799452,37716869,37934088,0,0
6,20,0,6,2024,620000,2596174,2617864,0,0,2596174,2617864,42505,31184,2638679,2649048,2596174,2617864,17529116,17585024,17490653,17558215,2029373,2048981,44200351,44967627,0,0
6,22,0,6,2024,622000,9131944,9289034,0,0,9131944,9289034,32619,38776,9164562,9327809,9131944,9289034,57166013,57297988,57136384,57261212,3285263,3309344,179121923,181857148,0,0
7,10,261,6,2024,710261,254104,258666,0,0,254104,258666,3420,3304,257524,261970,254104,258666,2062601,2069006,2059382,2065871,197504,202393,2450895,2448897,0,0
7,10,269,6,2024,710269,308633,313918,80000,80000,388633,393918,12673,11575,401306,405493,388633,393918,3119844,3128158,3107678,3117104,287149,292436,3197094,3190885,0,0
7,10,454,6,2024,710454,428739,435590,0,0,428739,435590,6954,5891,435693,441481,428739,435590,3003699,3043588,2997037,3037957,422504,429345,2970273,2969084,0,0
7,10,549,6,2024,710549,119911,121467,0,0,119911,121467,1623,1362,121534,122829,119911,121467,729339,732584,727793,731300,117900,119445,703454,705134,0,0
7,10,551,6,2024,710551,91931,92229,0,0,91931,92229,5861,5864,97793,98093,91931,92229,707003,694728,701177,688869,89349,89671,712502,712181,0,0
7,10,566,6,2024,710566,1470230,1493441,200000,200000,1670230,1693441,28250,30581,1698480,1724022,1670230,1693441,13424772,13610941,13396966,13580806,501600,524760,12607329,12596952,0,0
7,10,862,6,2024,710862,61863,62243,0,0,61863,62243,1094,1121,62958,63365,61863,62243,336638,340905,335564,339804,60698,61071,377116,376922,0,0
7,10,924,6,2024,710924,180095,182382,0,0,180095,182382,3242,3067,183337,185449,180095,182382,1061833,1074735,1058622,1071700,177117,179392,1035855,1035450,0,0
7,10,973,6,2024,710973,153409,154576,0,0,153409,154576,1392,1484,154801,156060,153409,154576,1065832,1086290,1064460,1084826,149148,150285,1040809,1040024,0,0
7,10,981,6,2024,710981,199070,201401,0,0,199070,201401,3132,3058,202201,204459,199070,201401,1501271,1517638,1498185,1514625,131081,133365,1532014,1533105,0,0
7,10,985,6,2024,710985,127742,128412,0,0,127742,128412,3925,5112,131667,133524,127742,128412,1092632,1098594,1089099,1093915,124276,124931,1122892,1119282,0,0
7,10,990,6,2024,710990,212565,213327,0,0,212565,213327,9841,11137,222406,224464,212565,213327,1399034,1400237,1389247,1389166,208060,208799,1359035,1358393,0,0
7,20,33,6,2024,720033,556877,560395,0,0,556877,560395,15453,15990,572330,576385,558461,561997,3262544,3320052,3247788,3304584,379034,382496,3150114,3214191,0,0
7,20,40,6,2024,720040,132615,133679,0,0,132615,133679,2589,2578,135204,136257,135877,136941,704599,721514,702077,718992,128133,129160,746539,763659,0,0
7,20,60,6,2024,720060,58394,58877,0,0,58394,58877,2001,1662,60395,60539,58394,58877,169210,168132,167364,166679,57885,58363,172529,172297,0,0
7,20,66,6,2024,720066,684284,690703,0,0,684284,690703,79870,74002,764154,764705,745415,745541,4357897,4412966,4341407,4395765,661500,668034,4370917,4422338,0,0
7,20,131,6,2024,720131,113213,114565,0,0,113213,114565,8576,8703,121789,123267,113213,114565,684215,695041,676094,686746,75465,76804,686454,700564,1880,1165
7,20,143,6,2024,720143,196144,196919,0,0,196144,196919,1599,1771,197743,198691,196144,196919,841940,850192,840504,848597,190788,191517,792498,799183,0,0
7,20,168,6,2024,720168,108919,107835,0,0,108919,107835,5595,6025,114514,113860,108919,107835,582596,591630,577457,586061,107302,106199,636964,647996,0,0
7,20,186,6,2024,720186,91351,91234,0,0,91351,91234,1491,1711,92842,92944,91351,91234,397218,403142,395891,401570,89822,89697,392648,394027,0,0
7,20,188,6,2024,720188,127671,129126,0,0,127671,129126,4186,3259,131857,132384,127671,129126,791404,791916,787465,788894,112183,113637,950412,950947,0,0
7,20,194,6,2024,720194,466876,468176,0,0,466876,468176,6099,6392,472974,474568,466876,468176,2294930,2336904,2289356,2331056,455931,457207,2215933,2259439,0,0
7,20,336,6,2024,720336,270073,264711,0,0,270073,264711,6087,6054,276160,270765,270073,264711,1508426,1556745,1503021,1551293,217229,219250,1467526,1524221,0,0
7,20,345,6,2024,720345,1141459,1146117,0,0,1141459,1146117,20776,21822,1162235,1167938,1141459,1146117,7314538,7435292,7296026,7415887,1119571,1124246,6814882,6924508,0,0
7,20,376,6,2024,720376,337047,342631,0,0,337047,342631,10262,5297,347309,347928,337047,342631,1755759,1751626,1746386,1747300,277846,283434,1557540,1542633,0,0
7,20,440,6,2024,720440,459405,462833,0,0,459405,462833,13771,13635,473176,476469,477748,481187,2743290,2906572,2729519,2892937,452284,455728,2688516,2751986,0,0
7,20,899,6,2024,720899,470193,472141,0,0,470193,472141,8236,8150,478429,480291,475811,477725,2517848,2529065,2510066,2521431,461874,463793,3258371,3277822,0,0
7,20,922,6,2024,720922,117975,118422,0,0,117975,118422,3766,3917,121741,122339,121029,121481,632009,641544,630052,639441,116092,116530,627141,637788,0,0
7,22,12,6,2024,722012,2071681,2103251,0,0,2071681,2103251,42866,48878,2114546,2152129,2071754,2103309,13720799,13872290,13685501,13833538,2045007,2076460,12796288,12894190,0,0
7,22,114,6,2024,722114,315212,319211,0,0,315212,319211,4200,3410,319411,322621,315212,319211,1665384,1673008,1661746,1670134,313277,317284,1476724,1492479,0,0
7,22,146,6,2024,722146,1039454,1040916,0,0,1039454,1040916,13440,16416,1052894,1057332,1039454,1040916,6935225,6981181,6924089,6967280,1031243,1032680,6758850,6820255,0,0
7,22,198,6,2024,722198,6359746,6488194,0,0,6359746,6488194,88751,78000,6448497,6566194,6359746,6488194,45392613,45983875,45316828,45917875,6359746,6488194,42143398,42639974,0,0
7,22,216,6,2024,722216,2329555,2332050,0,0,2329555,2332050,32797,29442,2362352,2361492,2329555,2332050,16359411,16711323,16331378,16686515,2329555,2332050,14027868,14389430,0,0
7,22,233,6,2024,722233,5134919,5146928,0,0,5134919,5146928,50630,56603,5185549,5203531,5134919,5146928,34295386,34723836,34254078,34677292,5047867,5058857,35714890,35999474,0,0
7,22,313,6,2024,722313,333941,339227,0,0,333941,339227,4985,4084,338927,343311,333941,339227,1884806,1897685,1880386,1894226,327736,333005,1881417,1895157,0,0
7,22,350,6,2024,722350,406986,413243,0,0,406986,413243,7470,7249,414455,420492,406986,413243,2500770,2586237,2494011,2579742,403487,409702,2283311,2380153,0,0
7,22,406,6,2024,722406,178518,180620,0,0,178518,180620,778,878,179296,181498,178518,180620,956571,986511,955813,985653,176857,178963,926425,965938,0,0
7,22,644,6,2024,722644,1007869,1011519,0,0,1007869,1011519,12567,14475,1020435,1025994,1007869,1011519,6875365,7027259,6863913,7013841,995553,999160,6425185,6574349,0,0
7,22,918,6,2024,722918,3873408,3877657,100000,100000,3973408,3977657,304244,339641,4277652,4317298,4188225,4192518,31398196,31809275,31310350,31686902,3711168,3715821,31593070,31899522,0,0
7,25,31,6,2024,725031,67015,67443,0,0,67015,67443,2517,2972,69532,70415,68749,69169,408014,419040,407442,417989,66502,66922,397308,409191,0,0
7,25,131,6,2024,725131,324085,326971,0,0,324085,326971,4702,4315,328787,331286,324085,326971,2164521,2171427,2160496,2167585,320356,323232,2070854,2069934,0,0
7,25,203,6,2024,725203,2719368,2751510,300000,300000,3019368,3051510,217168,219402,3236536,3270912,3263125,3293360,23943223,24186424,23970688,24210034,2707692,2226998,20999661,21265655,0,0
7,25,247,6,2024,725247,283640,287418,0,0,283640,287418,1933,1776,285573,289194,283640,287418,1532562,1531351,1530632,1529675,282102,285884,1422511,1418197,0,0
7,25,326,6,2024,725326,2039663,2050283,0,0,2039663,2050283,93316,94859,2132979,2145142,2012866,2010405,13028193,13125079,12928095,13009031,2020554,2031081,11934779,12020056,0,0
7,25,355,6,2024,725355,5001761,5060239,0,0,5001761,5060239,172205,178125,5173965,5238364,5001761,5060239,33375736,34001594,33229515,33847969,5000349,5060239,31761491,32401855,0,0
7,25,429,6,2024,725429,286588,290022,0,0,286588,290022,1829,2648,288417,292670,305467,309241,2095614,2097377,2094396,2095453,284792,288214,1911590,1911735,0,0
7,25,450,6,2024,725450,692811,697991,0,0,692811,697991,7208,12004,700019,709995,692811,697991,4843394,4624840,4837742,4614599,690911,784380,4570872,4617530,0,0
7,25,466,6,2024,725466,139804,141275,0,0,139804,141275,3068,3336,142872,144611,139804,141275,876765,899050,874277,896343,139259,140727,745757,778559,0,0
7,25,488,6,2024,725488,200499,202789,0,0,200499,202789,1733,1455,202231,204244,200499,202789,1136611,1159219,1135100,1158002,199676,201967,1023405,1047094,0,0
7,25,629,6,2024,725629,294712,298464,0,0,294712,298464,3876,3591,298587,302055,294712,298464,1816756,1842377,1813970,1839818,291828,295566,1896142,1926843,0,0
7,25,676,6,2024,725676,290212,288609,0,,290212,288609,3320,3504,293533,292113,290212,288609,1827627,1866287,1824545,1863061,289497,287899,1588558,1617803,0,0
7,25,715,6,2024,725715,104923,106091,0,0,104923,106091,1443,1485,106365,107575,104923,106091,526313,532905,525125,531676,104200,105370,504510,512330,0,0
7,25,818,6,2024,725818,389969,383709,0,0,389969,383709,9084,20658,399053,404367,389969,383709,2651229,2713072,2643922,2694598,388617,382362,2475780,2525274,0,0
7,25,839,6,2024,725839,525845,534327,0,0,525845,534327,9651,4200,535496,538527,525845,534327,3472968,3471684,3464310,3468284,525845,534327,3032604,3058710,0,0
7,25,940,6,2024,725940,274872,276140,0,0,274872,276140,3179,2380,278051,278519,282391,283658,1676748,1695876,1673980,1693999,273009,274267,1595231,1617139,0,0
8,10,586,6,2024,810586,150227,152260,0,0,150227,152260,2582,2795,152809,155055,150227,152260,1089373,1095168,1086877,1092448,147832,149847,1078891,1078020,0,0
9,25,0,6,2024,925000,11430375,11533776,1892238,1925205,13322613,13458981,760477,755007,14083090,14213987,13331820,13468741,99385083,99247113,98706037,98572783,6159303,6252031,192209310,193220139,0,0
20,0,2,6,2024,2000002,0,0,0,0,0,0,0,0,0,0,0,0,0,0,0,0,0,0,63460,0,0,0
20,0,4,6,2024,2000004,,,,,,,,,,14213987,,,,,,,,,,,,
20,0,7,6,2024,2000007,,,,,,,,,,0,,,,,,,0,,52354,,,
20,0,9,6,2024,2000009,,,,,,,,,,0,,,,,,,0,,18392,,,
20,0,11,6,2024,2000011,0,0,0,0,0,0,0,0,0,0,0,0,0,0,0,0,0,0,3006,0,0,0
20,0,12,6,2024,2000012,0,0,0,0,0,0,0,0,0,0,0,0,0,0,0,0,0,0,51735,0,0,0
