6,10,0,6,2024,610000,
100,20151,,,6667,,,,13484,0,0,0,,,,,,,
210,289231,,,0,,,,289231,0,0,0,,,,,,,
220,0,,,0,,,,0,,0,,,,,,,,
310,0,,,0,,,,0,0,0,0,0,,,,,,
320,7286330,,,5256959,,,,1871654,,157717,0,0,,,,,,
410,0,,,,,,,0,,,,,,,0,0,0,
420,123846,,,,,,,0,,,,,,,26,0,129849,
430,0,,,,,,,0,,,,,,,0,0,0,
510,8757168,,,1937,,,,0,317724,8406514,30993,,,,,,,
520,21584929,,,0,,,,21584929,0,0,0,,,,,,,
600,0,,,0,,,,0,0,0,0,,,,,,,
700,234704,,,16389,,,,24689,,193626,,,,,,,,
800,38296358,,,5281952,,,,23783987,317724,8757857,30993,0,,,26,0,129849,
900,147707,1.0000,147707,0,,,,1516,1975,144217,0,,,,,,,
1000,8394,0.5000,4197,0,,,,0,160,3843,194,,,,,,,
1110,1118,0.2000,224,0,,,,0,0,224,0,,,,,,,
1120,16257,0.5000,8128,0,,,,0,0,8128,0,,,,,,,
1200,557,1.0000,557,0,0,0,,557,0,0,0,,,,,0,0,
1310,459442,0.2000,91888,0,,,,0,952,90843,93,,,,,,,
1320,3752439,0.5000,1876219,0,,,,7904,21049,1846191,1074,,,,,,,
1330,5592488,0.2000,1118498,0,,,,1112356,0,6141,0,,,,,,,
1400,0,,101302,0,,,0,102254,0,-952,0,,,,,0,0,
1500,0,,0,0,0,0,,0,0,0,0,,,,,,,
1600,,,0,0,,,,0,0,0,0,,0,0,0,,,
1700,1466,1.0000,1466,0,,,,1466,,,,,,,,0,0,
1800,,,,0,0,0,0,1226053,24136,2098636,1362,,0,0,0,0,0,
1900,,,,5281952,0,0,0,25010040,341860,10856493,32355,0,0,0,26,0,129849,
2000,,,,0,0,0,0,0,1,1,2,6,6,9,13,,,
2100,,,,0,0,0,0,5002008,170930,10856493,48532,0,0,0,329,0,129849,
16208141,133154,133154,16208141,0,16208141,16177571
6,20,0,6,2024,620000,
100,1111846,,,425542,,,,453795,0,232509,0,,,,,,,
210,0,,,0,,,,0,0,0,0,,,,,,,
220,0,,,0,,,,0,,0,,,,,,,,
310,10242,,,9290,,,,176,0,776,0,0,,,,,,
320,8622844,,,4026082,,,,4596762,0,0,0,0,,,,,,
410,0,,,,,,,0,,,,,,,0,0,0,
420,633559,,,,,,,0,,,,,,,0,219355,0,
430,300,,,,,,,0,,,,,,,300,0,0,
510,10975539,,,5854,,,,528855,3104122,7319875,16833,,,,,,,
520,23592066,,,0,,,,23423001,169065,0,0,,,,,,,
600,1275,,,0,,,,0,1275,0,0,,,,,,,
700,295946,,,0,,,,72462,,223484,,,,,,,,
800,45243617,,,4466768,,,,29075052,3274462,7776643,16833,0,,,300,219355,0,
900,81932,1.0000,81932,0,,,,0,0,81932,0,,,,,,,
1000,4754,0.5000,2377,0,,,,0,0,2377,0,,,,,,,
1110,1432,0.2000,286,0,,,,0,0,286,0,,,,,,,
1120,0,0.5000,0,0,,,,0,0,0,0,,,,,,,
1200,0,1.0000,0,0,0,0,,0,0,0,0,,,,,0,0,
1310,442639,0.2000,88528,0,,,,0,59,88461,9,,,,,,,
1320,3777591,0.5000,1888796,0,,,,0,248174,1640441,181,,,,,,,
1330,2720987,0.2000,544197,0,,,,535748,8450,0,0,,,,,,,
1400,13027,,13027,0,,,0,13027,0,0,0,,,,,0,0,
1500,0,,0,0,0,0,,0,0,0,0,,,,,,,
1600,,,0,0,,,,0,0,0,0,,0,0,0,,,
1700,0,1.0000,0,0,,,,0,0,0,0,,,,,0,0,
1800,,,,0,0,0,0,548774,256682,1813497,190,,0,0,0,0,0,
1900,,,,4466768,0,0,0,29623826,3531144,9590140,17023,0,0,0,300,219355,0,
2000,,,,0,0,0,0,0,1,1,2,6,6,9,13,,,
2100,,,,0,0,0,0,5924765,1765572,9590140,25534,0,0,0,3750,219355,0,
17529116,87959,87959,17529116,0,17529116,17490653
6,22,0,6,2024,622000,
100,1187131,,,0,,,,1187131,0,0,0,,,,,,,
210,66,,,0,,,,66,0,0,0,,,,,,,
220,1170577,,,0,,,,0,,0,,,,,,,,
310,0,,,0,,,,0,0,0,0,0,,,,,,
320,23241253,,,12262858,,,,5335234,0,5643161,0,0,,,,,,
410,0,,,,,,,0,,,,,,,0,0,0,
420,551869,,,,,,,0,,,,,,,0,0,551869,
430,0,,,,,,,0,,,,,,,0,0,0,
510,20659018,,,101,,,,18303,3428661,17048128,163824,,,,,,,
520,132884576,,,0,,,,132046911,0,837666,0,,,,,,,
600,0,,,0,,,,0,0,0,0,,,,,,,
700,126606,,,0,,,,39879,,86727,,,,,,,,
800,179821095,,,12262959,,,,138627523,3428661,23615681,163824,0,,,0,0,551869,
900,239074,1.0000,239074,0,,,,0,0,239074,0,,,,,,,
1000,28,0.5000,14,0,,,,0,0,14,0,,,,,,,
1110,0,0.2000,0,0,,,,0,0,0,0,,,,,,,
1120,0,0.5000,0,0,,,,0,0,0,0,,,,,,,
1200,1170577,1.0000,1170577,1170577,0,0,,0,0,0,0,,,,,0,0,
1310,1611195,0.2000,322239,0,,,,4,44,320674,1516,,,,,,,
1320,3289652,0.5000,1644826,0,,,,65,2190,1637557,5014,,,,,,,
1330,25768814,0.2000,5153763,0,,,,5075305,0,78458,0,,,,,,,
1400,0,,47465,9228,,,1812,35950,0,475,0,,,,,0,0,
1500,0,,313246,149227,164019,0,,0,0,0,0,,,,,,,
1600,,,0,0,,,,0,0,0,0,,0,0,0,,,
1700,0,1.0000,0,0,,,,0,0,0,0,,,,,0,0,
1800,,,,1329032,164019,0,1812,5111324,2234,2276252,6531,,0,0,0,0,0,
1900,,,,13591991,164019,0,1812,143738847,3430896,25891933,170355,0,0,0,0,0,551869,
2000,,,,0,0,0,0,0,1,1,2,6,6,9,13,,,
2100,,,,0,3280,0,181,28747769,1715448,25891933,255532,0,0,0,0,0,551869,
57166013,10556,10556,57166013,0,57166013,57136384
7,10,261,6,2024,710261,
100,22,,,22,,,,0,0,0,0,,,,,,,
210,0,,,0,,,,0,0,0,0,,,,,,,
220,0,,,0,,,,0,,0,,,,,,,,
310,248,,,0,,,,248,0,0,0,0,,,,,,
320,0,,,0,,,,0,0,0,0,0,,,,,,
410,0,,,,,,,0,,,,,,,0,0,0,
420,0,,,,,,,0,,,,,,,0,0,0,
430,0,,,,,,,0,,,,,,,0,0,0,
510,2431021,,,8438,,,,584245,35015,1790402,12921,,,,,,,
520,0,,,0,,,,0,0,0,0,,,,,,,
600,0,,,0,,,,0,0,0,0,,,,,,,
700,25540,,,0,,,,0,,25540,,,,,,,,
800,2456831,,,8460,,,,584493,35015,1815942,12921,0,,,0,0,0,
900,385,1.0000,385,0,,,,0,0,385,0,,,,,,,
1000,67,0.5000,34,0,,,,0,0,34,0,,,,,,,
1110,0,0.2000,0,0,,,,0,0,0,0,,,,,,,
1120,0,0.5000,0,0,,,,0,0,0,0,,,,,,,
1200,0,1.0000,0,0,0,0,,0,0,0,0,,,,,0,0,
1310,100681,0.2000,20136,0,,,,367,0,19769,0,,,,,,,
1320,150116,0.5000,75058,0,,,,0,27,74628,404,,,,,,,
1330,0,0.2000,0,0,,,,0,0,0,0,,,,,,,
1400,0,,0,0,,,0,0,0,0,0,,,,,0,0,
1500,0,,0,0,0,0,,0,0,0,0,,,,,,,
1600,,,0,0,,,,0,0,0,0,,0,0,0,,,
1700,0,1.0000,0,0,,,,0,0,0,0,,,,,0,0,
1800,,,,0,0,0,0,367,27,94816,404,,0,0,0,0,0,
1900,,,,8460,0,0,0,584860,35041,1910757,13325,0,0,0,0,0,0,
2000,,,,0,0,0,0,0,1,1,2,6,6,9,13,,,
2100,,,,0,0,0,0,116972,17521,1910757,19987,0,0,0,0,0,0,
2065237,42372,45009,2062601,0,2062601,2059382
7,10,269,6,2024,710269,
100,8,,,8,,,,0,0,0,0,,,,,,,
210,0,,,0,,,,0,0,0,0,,,,,,,
220,0,,,0,,,,0,,0,,,,,,,,
310,217401,,,217277,,,,124,0,0,0,0,,,,,,
320,0,,,0,,,,0,0,0,0,0,,,,,,
410,0,,,,,,,0,,,,,,,0,0,0,
420,0,,,,,,,0,,,,,,,0,0,0,
430,0,,,,,,,0,,,,,,,0,0,0,
510,2944921,,,93893,,,,132049,26059,2685984,6937,,,,,,,
520,0,,,0,,,,0,0,0,0,,,,,,,
600,0,,,0,,,,0,0,0,0,,,,,,,
700,44844,,,0,,,,0,,44844,,,,,,,,
800,3207175,,,311178,,,,132173,26059,2730829,6937,0,,,0,0,0,
900,14472,1.0000,14472,0,,,,0,0,14472,0,,,,,,,
1000,78,0.5000,39,0,,,,0,0,39,0,,,,,,,
1110,5,0.2000,1,0,,,,0,0,1,0,,,,,,,
1120,1191,0.5000,595,0,,,,0,0,595,0,,,,,,,
1200,0,1.0000,0,0,0,0,,0,0,0,0,,,,,0,0,
1310,345456,0.2000,69091,0,,,,1418,223,67332,119,,,,,,,
1320,511603,0.5000,255801,0,,,,38,3,255760,0,,,,,,,
1330,0,0.2000,0,0,,,,0,0,0,0,,,,,,,
1400,0,,0,0,,,0,0,0,0,0,,,,,0,0,
1500,0,,0,0,0,0,,0,0,0,0,,,,,,,
1600,,,0,0,,,,0,0,0,0,,0,0,0,,,
1700,730,1.0000,730,0,,,,0,730,0,0,,,,,0,0,
1800,,,,0,0,0,0,1456,956,338200,119,,0,0,0,0,0,
1900,,,,311178,0,0,0,133629,27014,3069029,7055,0,0,0,0,0,0,
2000,,,,0,0,0,0,0,1,1,2,6,6,9,13,,,
2100,,,,0,0,0,0,26726,13507,3069029,10583,0,0,0,0,0,0,
3119844,54175,54175,3119844,0,3119844,3107678
7,10,454,6,2024,710454,
100,41,,,41,,,,0,0,0,0,,,,,,,
210,0,,,0,,,,0,0,0,0,,,,,,,
220,0,,,0,,,,0,,0,,,,,,,,
310,0,,,0,,,,0,0,0,0,0,,,,,,
320,0,,,0,,,,0,0,0,0,0,,,,,,
410,0,,,,,,,0,,,,,,,0,0,0,
420,0,,,,,,,0,,,,,,,0,0,0,
430,0,,,,,,,0,,,,,,,0,0,0,
510,2962300,,,0,,,,130824,30091,2797174,4210,,,,,,,
520,0,,,0,,,,0,0,0,0,,,,,,,
600,0,,,0,,,,0,0,0,0,,,,,,,
700,14964,,,0,,,,0,,14964,,,,,,,,
800,2977305,,,41,,,,130824,30091,2812139,4210,0,,,0,0,0,
900,884,1.0000,884,0,,,,0,0,884,0,,,,,,,
1000,169,0.5000,84,0,,,,0,0,84,0,,,,,,,
1110,0,0.2000,0,0,,,,0,0,0,0,,,,,,,
1120,430,0.5000,215,0,,,,0,0,215,0,,,,,,,
1200,0,1.0000,0,0,0,0,,0,0,0,0,,,,,0,0,
1310,50773,0.2000,10155,0,,,,383,79,9656,37,,,,,,,
1320,268527,0.5000,134263,0,,,,1514,56,132693,0,,,,,,,
1330,0,0.2000,0,0,,,,0,0,0,0,,,,,,,
1400,0,,0,0,,,0,0,0,0,0,,,,,0,0,
1500,0,,0,0,0,0,,0,0,0,0,,,,,,,
1600,,,0,0,,,,0,0,0,0,,0,0,0,,,
1700,0,1.0000,0,0,,,,0,0,0,0,,,,,0,0,
1800,,,,0,0,0,0,1897,135,143533,37,,0,0,0,0,0,
1900,,,,41,0,0,0,132721,30226,2955672,4247,0,0,0,0,0,0,
2000,,,,0,0,0,0,0,1,1,2,6,6,9,13,,,
2100,,,,0,0,0,0,26544,15113,2955672,6370,0,0,0,0,0,0,
3003699,51038,51038,3003699,0,3003699,2997037
7,10,549,6,2024,710549,
100,3,,,3,,,,0,0,0,0,,,,,,,
210,0,,,0,,,,0,0,0,0,,,,,,,
220,0,,,0,,,,0,,0,,,,,,,,
310,0,,,0,,,,0,0,0,0,0,,,,,,
320,0,,,0,,,,0,0,0,0,0,,,,,,
410,0,,,,,,,0,,,,,,,0,0,0,
420,0,,,,,,,0,,,,,,,0,0,0,
430,0,,,,,,,0,,,,,,,0,0,0,
510,697391,,,0,,,,21686,4847,669879,976,,,,,,,
520,0,,,0,,,,0,0,0,0,,,,,,,
600,0,,,0,,,,0,0,0,0,,,,,,,
700,7822,,,0,,,,0,,7822,,,,,,,,
800,705215,,,3,,,,21686,4847,677700,976,0,,,0,0,0,
900,1628,1.0000,1628,0,,,,0,0,1628,0,,,,,,,
1000,54,0.5000,27,0,,,,0,0,27,0,,,,,,,
1110,0,0.2000,0,0,,,,0,0,0,0,,,,,,,
1120,0,0.5000,0,0,,,,0,0,0,0,,,,,,,
1200,0,1.0000,0,0,0,0,,0,0,0,0,,,,,0,0,
1310,26635,0.2000,5327,0,,,,0,0,5319,8,,,,,,,
1320,72858,0.5000,36429,0,,,,0,1,36428,0,,,,,,,
1330,0,0.2000,0,0,,,,0,0,0,0,,,,,,,
1400,0,,0,0,,,0,0,0,0,0,,,,,0,0,
1500,0,,0,0,0,0,,0,0,0,0,,,,,,,
1600,,,0,0,,,,0,0,0,0,,0,0,0,,,
1700,0,1.0000,0,0,,,,0,0,0,0,,,,,0,0,
1800,,,,0,0,0,0,0,1,43401,8,,0,0,0,0,0,
1900,,,,3,0,0,0,21686,4848,721101,984,0,0,0,0,0,0,
2000,,,,0,0,0,0,0,1,1,2,6,6,9,13,,,
2100,,,,0,0,0,0,4337,2424,721101,1476,0,0,0,0,0,0,
729339,11363,11363,729339,0,729339,727793
7,10,551,6,2024,710551,
100,4,,,4,,,,0,0,0,0,,,,,,,
210,0,,,0,,,,0,0,0,0,,,,,,,
220,0,,,0,,,,0,,0,,,,,,,,
310,0,,,0,,,,0,0,0,0,0,,,,,,
320,0,,,0,,,,0,0,0,0,0,,,,,,
410,0,,,,,,,0,,,,,,,0,0,0,
420,0,,,,,,,0,,,,,,,0,0,0,
430,0,,,,,,,0,,,,,,,0,0,0,
510,709315,,,0,,,,0,49185,646277,13853,,,,,,,
520,0,,,0,,,,0,0,0,0,,,,,,,
600,0,,,0,,,,0,0,0,0,,,,,,,
700,8929,,,0,,,,0,,8929,,,,,,,,
800,718249,,,4,,,,0,49185,655206,13853,0,,,0,0,0,
900,0,1.0000,0,0,,,,0,0,0,0,,,,,,,
1000,0,0.5000,0,0,,,,0,0,0,0,,,,,,,
1110,0,0.2000,0,0,,,,0,0,0,0,,,,,,,
1120,0,0.5000,0,0,,,,0,0,0,0,,,,,,,
1200,0,1.0000,0,0,0,0,,0,0,0,0,,,,,0,0,
1310,490,0.2000,98,0,,,,0,0,98,0,,,,,,,
1320,12635,0.5000,6318,0,,,,0,0,6300,18,,,,,,,
1330,0,0.2000,0,0,,,,0,0,0,0,,,,,,,
1400,0,,0,0,,,0,0,0,0,0,,,,,0,0,
1500,0,,0,0,0,0,,0,0,0,0,,,,,,,
1600,,,0,0,,,,0,0,0,0,,0,0,0,,,
1700,0,1.0000,0,0,,,,0,0,0,0,,,,,0,0,
1800,,,,0,0,0,0,0,0,6398,18,,0,0,0,0,0,
1900,,,,4,0,0,0,0,49185,661604,13871,0,0,0,0,0,0,
2000,,,,0,0,0,0,0,1,1,2,6,6,9,13,,,
2100,,,,0,0,0,0,0,24593,661604,20806,0,0,0,0,0,0,
707003,12152,12152,707003,0,707003,701177
7,10,566,6,2024,710566,
100,0,,,0,,,,0,0,0,0,,,,,,,
210,0,,,0,,,,0,0,0,0,,,,,,,
220,0,,,0,,,,0,,0,,,,,,,,
310,22662,,,0,,,,836,0,21826,0,0,,,,,,
320,0,,,0,,,,0,0,0,0,0,,,,,,
410,0,,,,,,,0,,,,,,,0,0,0,
420,43,,,,,,,0,,,,,,,43,0,0,
430,0,,,,,,,0,,,,,,,0,0,0,
510,12475049,,,0,,,,23505,159059,12258361,34123,,,,,,,
520,0,,,0,,,,0,0,0,0,,,,,,,
600,0,,,0,,,,0,0,0,0,,,,,,,
700,140234,,,0,,,,0,,140234,,,,,,,,
800,12637988,,,0,,,,24341,159059,12420421,34123,0,,,43,0,0,
900,60567,1.0000,60567,0,,,,0,0,60567,0,,,,,,,
1000,1352,0.5000,676,0,,,,0,0,676,0,,,,,,,
1110,33,0.2000,7,0,,,,0,0,7,0,,,,,,,
1120,8253,0.5000,4127,0,,,,0,0,4127,0,,,,,,,
1200,0,1.0000,0,0,0,0,,0,0,0,0,,,,,0,0,
1310,584986,0.2000,116997,0,,,,303,0,116046,648,,,,,,,
1320,1373537,0.5000,686768,0,,,,0,0,686673,95,,,,,,,
1330,0,0.2000,0,0,,,,0,0,0,0,,,,,,,
1400,0,,0,0,,,0,0,0,0,0,,,,,0,0,
1500,0,,0,0,0,0,,0,0,0,0,,,,,,,
1600,,,0,0,,,,0,0,0,0,,0,0,0,,,
1700,0,1.0000,0,0,,,,0,0,0,0,,,,,0,0,
1800,,,,0,0,0,0,303,0,868095,744,,0,0,0,0,0,
1900,,,,0,0,0,0,24644,159059,13288516,34867,0,0,0,43,0,0,
2000,,,,0,0,0,0,0,1,1,2,6,6,9,13,,,
2100,,,,0,0,0,0,4929,79530,13288516,52300,0,0,0,542,0,0,
13425817,214736,215781,13424772,0,13424772,13396966
7,10,862,6,2024,710862,
100,138,,,138,,,,0,0,0,0,,,,,,,
210,0,,,0,,,,0,0,0,0,,,,,,,
220,0,,,0,,,,0,,0,,,,,,,,
310,0,,,0,,,,0,0,0,0,0,,,,,,
320,0,,,0,,,,0,0,0,0,0,,,,,,
410,0,,,,,,,0,,,,,,,0,0,0,
420,0,,,,,,,0,,,,,,,0,0,0,
430,0,,,,,,,0,,,,,,,0,0,0,
510,372021,,,0,,,,57071,12194,302345,411,,,,,,,
520,0,,,0,,,,0,0,0,0,,,,,,,
600,0,,,0,,,,0,0,0,0,,,,,,,
700,6002,,,0,,,,0,,6002,,,,,,,,
800,378161,,,138,,,,57071,12194,308347,411,0,,,0,0,0,
900,37,1.0000,37,0,,,,0,0,37,0,,,,,,,
1000,9,0.5000,4,0,,,,0,0,4,0,,,,,,,
1110,0,0.2000,0,0,,,,0,0,0,0,,,,,,,
1120,0,0.5000,0,0,,,,0,0,0,0,,,,,,,
1200,0,1.0000,0,0,0,0,,0,0,0,0,,,,,0,0,
1310,2830,0.2000,566,0,,,,0,38,528,0,,,,,,,
1320,19965,0.5000,9983,0,,,,4,808,9170,0,,,,,,,
1330,0,0.2000,0,0,,,,0,0,0,0,,,,,,,
1400,0,,0,0,,,0,0,0,0,0,,,,,0,0,
1500,0,,0,0,0,0,,0,0,0,0,,,,,,,
1600,,,0,0,,,,0,0,0,0,,0,0,0,,,
1700,0,1.0000,0,0,,,,0,0,0,0,,,,,0,0,
1800,,,,0,0,0,0,4,847,9739,0,,0,0,0,0,0,
1900,,,,138,0,0,0,57076,13041,318086,411,0,0,0,0,0,0,
2000,,,,0,0,0,0,0,1,1,2,6,6,9,13,,,
2100,,,,0,0,0,0,11415,6521,318086,616,0,0,0,0,0,0,
336638,6427,6427,336638,0,336638,335564
7,10,924,6,2024,710924,
100,59,,,58,,,,0,0,0,0,,,,,,,
210,0,,,0,,,,0,0,0,0,,,,,,,
220,0,,,0,,,,0,,0,,,,,,,,
310,0,,,0,,,,0,0,0,0,0,,,,,,
320,0,,,0,,,,0,0,0,0,0,,,,,,
410,0,,,,,,,0,,,,,,,0,0,0,
420,0,,,,,,,0,,,,,,,0,0,0,
430,0,,,,,,,0,,,,,,,0,0,0,
510,1032698,,,0,,,,12026,10885,1006810,2977,,,,,,,
520,0,,,0,,,,0,0,0,0,,,,,,,
600,0,,,0,,,,0,0,0,0,,,,,,,
700,6280,,,0,,,,0,,6280,,,,,,,,
800,1039037,,,58,,,,12026,10885,1013090,2977,0,,,0,0,0,
900,2541,1.0000,2541,0,,,,0,0,2541,0,,,,,,,
1000,6,0.5000,3,0,,,,0,0,3,0,,,,,,,
1110,0,0.2000,0,0,,,,0,0,0,0,,,,,,,
1120,0,0.5000,0,0,,,,0,0,0,0,,,,,,,
1200,0,1.0000,0,0,0,0,,0,0,0,0,,,,,0,0,
1310,29636,0.2000,5927,0,,,,118,0,5809,1,,,,,,,
1320,56117,0.5000,28058,0,,,,0,13,28046,0,,,,,,,
1330,0,0.2000,0,0,,,,0,0,0,0,,,,,,,
1400,0,,0,0,,,0,0,0,0,0,,,,,0,0,
1500,0,,0,0,0,0,,0,0,0,0,,,,,,,
1600,,,0,0,,,,0,0,0,0,,0,0,0,,,
1700,0,1.0000,0,0,,,,0,0,0,0,,,,,0,0,
1800,,,,0,0,0,0,118,13,36399,1,,0,0,0,0,0,
1900,,,,58,0,0,0,12144,10898,1049489,2978,0,0,0,0,0,0,
2000,,,,0,0,0,0,0,1,1,2,6,6,9,13,,,
2100,,,,0,0,0,0,2429,5449,1049489,4467,0,0,0,0,0,0,
1061833,17756,17756,1061833,0,1061833,1058622
7,10,973,6,2024,710973,
100,9,,,9,,,,0,0,0,0,,,,,,,
210,0,,,0,,,,0,0,0,0,,,,,,,
220,0,,,0,,,,0,,0,,,,,,,,
310,0,,,0,,,,0,0,0,0,0,,,,,,
320,0,,,0,,,,0,0,0,0,0,,,,,,
410,0,,,,,,,0,,,,,,,0,0,0,
420,0,,,,,,,0,,,,,,,0,0,0,
430,0,,,,,,,0,,,,,,,0,0,0,
510,1036683,,,0,,,,12125,22625,1001560,373,,,,,,,
520,0,,,0,,,,0,0,0,0,,,,,,,
600,0,,,0,,,,0,0,0,0,,,,,,,
700,5499,,,0,,,,0,,5499,,,,,,,,
800,1042192,,,9,,,,12125,22625,1007060,373,0,,,0,0,0,
900,91,1.0000,91,0,,,,0,0,91,0,,,,,,,
1000,13,0.5000,7,0,,,,0,0,7,0,,,,,,,
1110,8,0.2000,2,0,,,,0,0,2,0,,,,,,,
1120,433,0.5000,217,0,,,,0,0,217,0,,,,,,,
1200,0,1.0000,0,0,0,0,,0,0,0,0,,,,,0,0,
1310,12195,0.2000,2439,0,,,,95,78,2261,5,,,,,,,
1320,83684,0.5000,41842,0,,,,0,16,41826,0,,,,,,,
1330,0,0.2000,0,0,,,,0,0,0,0,,,,,,,
1400,0,,0,0,,,0,0,0,0,0,,,,,0,0,
1500,0,,0,0,0,0,,0,0,0,0,,,,,,,
1600,,,0,0,,,,0,0,0,0,,0,0,0,,,
1700,0,1.0000,0,0,,,,0,0,0,0,,,,,0,0,
1800,,,,0,0,0,0,95,94,44402,5,,0,0,0,0,0,
1900,,,,9,0,0,0,12220,22720,1051462,378,0,0,0,0,0,0,
2000,,,,0,0,0,0,0,1,1,2,6,6,9,13,,,
2100,,,,0,0,0,0,2444,11360,1051462,567,0,0,0,0,0,0,
1065832,17259,17259,1065832,0,1065832,1064460
7,10,981,6,2024,710981,
100,24,,,24,,,,0,0,0,0,,,,,,,
210,0,,,0,,,,0,0,0,0,,,,,,,
220,0,,,0,,,,0,,0,,,,,,,,
310,880,,,0,,,,880,0,0,0,0,,,,,,
320,0,,,0,,,,0,0,0,0,0,,,,,,
410,0,,,,,,,0,,,,,,,0,0,0,
420,0,,,,,,,0,,,,,,,0,0,0,
430,0,,,,,,,0,,,,,,,0,0,0,
510,1512038,,,0,,,,113254,2953,1395283,548,,,,,,,
520,0,,,0,,,,0,0,0,0,,,,,,,
600,0,,,0,,,,0,0,0,0,,,,,,,
700,22294,,,0,,,,0,,22294,,,,,,,,
800,1535236,,,24,,,,114135,2953,1417577,548,0,,,0,0,0,
900,227,1.0000,227,0,,,,0,0,227,0,,,,,,,
1000,87,0.5000,44,0,,,,0,0,44,0,,,,,,,
1110,0,0.2000,0,0,,,,0,0,0,0,,,,,,,
1120,0,0.5000,0,0,,,,0,0,0,0,,,,,,,
1200,0,1.0000,0,0,0,0,,0,0,0,0,,,,,0,0,
1310,8077,0.2000,1615,0,,,,0,0,1609,6,,,,,,,
1320,113656,0.5000,56828,0,,,,185,0,56643,0,,,,,,,
1330,0,0.2000,0,0,,,,0,0,0,0,,,,,,,
1400,0,,0,0,,,0,0,0,0,0,,,,,0,0,
1500,0,,0,0,0,0,,0,0,0,0,,,,,,,
1600,,,0,0,,,,0,0,0,0,,0,0,0,,,
1700,0,1.0000,0,0,,,,0,0,0,0,,,,,0,0,
1800,,,,0,0,0,0,185,0,58523,6,,0,0,0,0,0,
1900,,,,24,0,0,0,114319,2953,1476100,554,0,0,0,0,0,0,
2000,,,,0,0,0,0,0,1,1,2,6,6,9,13,,,
2100,,,,0,0,0,0,22864,1476,1476100,830,0,0,0,0,0,0,
1501271,25396,25396,1501271,0,1501271,1498185
7,10,985,6,2024,710985,
100,41,,,41,,,,0,0,0,0,,,,,,,
210,0,,,0,,,,0,0,0,0,,,,,,,
220,0,,,0,,,,0,,0,,,,,,,,
310,789,,,789,,,,0,0,0,0,0,,,,,,
320,0,,,0,,,,0,0,0,0,0,,,,,,
410,0,,,,,,,0,,,,,,,0,0,0,
420,0,,,,,,,0,,,,,,,0,0,0,
430,0,,,,,,,0,,,,,,,0,0,0,
510,1107422,,,0,,,,100460,15071,987732,4160,,,,,,,
520,0,,,0,,,,0,0,0,0,,,,,,,
600,0,,,0,,,,0,0,0,0,,,,,,,
700,21114,,,0,,,,0,,21114,,,,,,,,
800,1129366,,,830,,,,100460,15071,1008846,4160,0,,,0,0,0,
900,328,1.0000,328,0,,,,0,0,328,0,,,,,,,
1000,35,0.5000,18,0,,,,0,0,18,0,,,,,,,
1110,0,0.2000,0,0,,,,0,0,0,0,,,,,,,
1120,0,0.5000,0,0,,,,0,0,0,0,,,,,,,
1200,0,1.0000,0,0,0,0,,0,0,0,0,,,,,0,0,
1310,23370,0.2000,4674,0,,,,19,0,4380,275,,,,,,,
1320,95378,0.5000,47689,0,,,,109,0,47568,13,,,,,,,
1330,0,0.2000,0,0,,,,0,0,0,0,,,,,,,
1400,0,,0,0,,,0,0,0,0,0,,,,,0,0,
1500,0,,0,0,0,0,,0,0,0,0,,,,,,,
1600,,,0,0,,,,0,0,0,0,,0,0,0,,,
1700,0,1.0000,0,0,,,,0,0,0,0,,,,,0,0,
1800,,,,0,0,0,0,128,0,52294,288,,0,0,0,0,0,
1900,,,,830,0,0,0,100587,15071,1061139,4448,0,0,0,0,0,0,
2000,,,,0,0,0,0,0,1,1,2,6,6,9,13,,,
2100,,,,0,0,0,0,20117,7535,1061139,6671,0,0,0,0,0,0,
1095463,20778,23610,1092632,0,1092632,1089099
7,10,990,6,2024,710990,
100,20,,,20,,,,0,0,0,0,,,,,,,
210,0,,,0,,,,0,0,0,0,,,,,,,
220,0,,,0,,,,0,,0,,,,,,,,
310,0,,,0,,,,0,0,0,0,0,,,,,,
320,0,,,0,,,,0,0,0,0,0,,,,,,
410,0,,,,,,,0,,,,,,,0,0,0,
420,0,,,,,,,0,,,,,,,0,0,0,
430,0,,,,,,,0,,,,,,,0,0,0,
510,1359864,,,0,,,,11465,67962,1276849,3588,,,,,,,
520,0,,,0,,,,0,0,0,0,,,,,,,
600,0,,,0,,,,0,0,0,0,,,,,,,
700,9044,,,0,,,,0,,9044,,,,,,,,
800,1368927,,,20,,,,11465,67962,1285893,3588,0,,,0,0,0,
900,82,1.0000,82,0,,,,0,0,82,0,,,,,,,
1000,0,0.5000,0,0,,,,0,0,0,0,,,,,,,
1110,0,0.2000,0,0,,,,0,0,0,0,,,,,,,
1120,0,0.5000,0,0,,,,0,0,0,0,,,,,,,
1200,0,1.0000,0,0,0,0,,0,0,0,0,,,,,0,0,
1310,32500,0.2000,6500,0,,,,0,568,5676,256,,,,,,,
1320,130143,0.5000,65071,0,,,,9,10,65052,0,,,,,,,
1330,0,0.2000,0,0,,,,0,0,0,0,,,,,,,
1400,0,,0,0,,,0,0,0,0,0,,,,,0,0,
1500,0,,0,0,0,0,,0,0,0,0,,,,,,,
1600,,,0,0,,,,0,0,0,0,,0,0,0,,,
1700,0,1.0000,0,0,,,,0,0,0,0,,,,,0,0,
1800,,,,0,0,0,0,9,578,70811,256,,0,0,0,0,0,
1900,,,,20,0,0,0,11474,68541,1356703,3844,0,0,0,0,0,0,
2000,,,,0,0,0,0,0,1,1,2,6,6,9,13,,,
2100,,,,0,0,0,0,2295,34270,1356703,5766,0,0,0,0,0,0,
1399034,23047,23047,1399034,0,1399034,1389247
7,20,33,6,2024,720033,
100,574,,,250,,,,324,0,0,0,,,,,,,
210,0,,,0,,,,0,0,0,0,,,,,,,
220,0,,,0,,,,0,,0,,,,,,,,
310,0,,,0,,,,0,0,0,0,0,,,,,,
320,0,,,0,,,,0,0,0,0,0,,,,,,
410,0,,,,,,,0,,,,,,,0,0,0,
420,0,,,,,,,0,,,,,,,0,0,0,
430,0,,,,,,,0,,,,,,,0,0,0,
510,3133891,,,0,,,,117703,11228,2994741,10219,,,,,,,
520,0,,,0,,,,0,0,0,0,,,,,,,
600,0,,,0,,,,0,0,0,0,,,,,,,
700,30405,,,0,,,,42,,30363,,,,,,,,
800,3164870,,,250,,,,118070,11228,3025104,10219,0,,,0,0,0,
900,968,1.0000,968,0,,,,0,0,968,0,,,,,,,
1000,40,0.5000,20,0,,,,0,0,20,0,,,,,,,
1110,0,0.2000,0,0,,,,0,0,0,0,,,,,,,
1120,0,0.5000,0,0,,,,0,0,0,0,,,,,,,
1200,0,1.0000,0,0,0,0,,0,0,0,0,,,,,0,0,
1310,120467,0.2000,24093,0,,,,87,7,23999,0,,,,,,,
1320,350026,0.5000,175013,0,,,,8922,0,166091,0,,,,,,,
1330,0,0.2000,0,0,,,,0,0,0,0,,,,,,,
1400,0,,0,0,,,0,0,0,0,0,,,,,0,0,
1500,0,,0,0,0,0,,0,0,0,0,,,,,,,
1600,,,0,0,,,,0,0,0,0,,0,0,0,,,
1700,0,1.0000,0,0,,,,0,0,0,0,,,,,0,0,
1800,,,,0,0,0,0,9009,7,191078,0,,0,0,0,0,0,
1900,,,,250,0,0,0,127078,11235,3216182,10219,0,0,0,0,0,0,
2000,,,,0,0,0,0,0,1,1,2,6,6,9,13,,,
2100,,,,0,0,0,0,25416,5617,3216182,15328,0,0,0,0,0,0,
3262544,95820,95820,3262544,0,3262544,3247788
7,20,40,6,2024,720040,
100,787,,,500,,,,287,0,0,0,,,,,,,
210,0,,,0,,,,0,0,0,0,,,,,,,
220,0,,,0,,,,0,,0,,,,,,,,
310,0,,,0,,,,0,0,0,0,0,,,,,,
320,0,,,0,,,,0,0,0,0,0,,,,,,
410,0,,,,,,,0,,,,,,,0,0,0,
420,0,,,,,,,0,,,,,,,0,0,0,
430,0,,,,,,,0,,,,,,,0,0,0,
510,742642,,,0,,,,69233,41496,631092,821,,,,,,,
520,0,,,0,,,,0,0,0,0,,,,,,,
600,143,,,0,,,,0,143,0,0,,,,,,,
700,5489,,,0,,,,21,,5468,,,,,,,,
800,749062,,,500,,,,69541,41639,636561,821,0,,,0,0,0,
900,13,1.0000,13,0,,,,0,0,13,0,,,,,,,
1000,0,0.5000,0,0,,,,0,0,0,0,,,,,,,
1110,0,0.2000,0,0,,,,0,0,0,0,,,,,,,
1120,0,0.5000,0,0,,,,0,0,0,0,,,,,,,
1200,0,1.0000,0,0,0,0,,0,0,0,0,,,,,0,0,
1310,20849,0.2000,4170,0,,,,6,115,4049,0,,,,,,,
1320,57916,0.5000,28958,0,,,,1248,0,27710,0,,,,,,,
1330,0,0.2000,0,0,,,,0,0,0,0,,,,,,,
1400,0,,0,0,,,0,0,0,0,0,,,,,0,0,
1500,0,,0,0,0,0,,0,0,0,0,,,,,,,
1600,,,0,0,,,,0,0,0,0,,0,0,0,,,
1700,0,1.0000,0,0,,,,0,0,0,0,,,,,0,0,
1800,,,,0,0,0,0,1254,115,31771,0,,0,0,0,0,0,
1900,,,,500,0,0,0,70795,41755,668332,821,0,0,0,0,0,0,
2000,,,,0,0,0,0,0,1,1,2,6,6,9,13,,,
2100,,,,0,0,0,0,14159,20877,668332,1231,0,0,0,0,0,0,
704599,13580,13580,704599,0,704599,702077
7,20,60,6,2024,720060,
100,377,,,250,,,,127,0,0,0,,,,,,,
210,0,,,0,,,,0,0,0,0,,,,,,,
220,0,,,0,,,,0,,0,,,,,,,,
310,0,,,0,,,,0,0,0,0,0,,,,,,
320,0,,,0,,,,0,0,0,0,0,,,,,,
410,0,,,,,,,0,,,,,,,0,0,0,
420,0,,,,,,,0,,,,,,,0,0,0,
430,0,,,,,,,0,,,,,,,0,0,0,
510,172052,,,0,,,,23348,3714,143590,1400,,,,,,,
520,0,,,0,,,,0,0,0,0,,,,,,,
600,0,,,0,,,,0,0,0,0,,,,,,,
700,1946,,,0,,,,0,,1946,,,,,,,,
800,174375,,,250,,,,23475,3714,145536,1400,0,,,0,0,0,
900,291,1.0000,291,0,,,,0,0,291,0,,,,,,,
1000,1,0.5000,0,0,,,,0,0,0,0,,,,,,,
1110,0,0.2000,0,0,,,,0,0,0,0,,,,,,,
1120,0,0.5000,0,0,,,,0,0,0,0,,,,,,,
1200,0,1.0000,0,0,0,0,,0,0,0,0,,,,,0,0,
1310,2911,0.2000,582,0,,,,0,0,582,0,,,,,,,
1320,28379,0.5000,14190,0,,,,51,0,14139,0,,,,,,,
1330,0,0.2000,0,0,,,,0,0,0,0,,,,,,,
1400,0,,0,0,,,0,0,0,0,0,,,,,0,0,
1500,0,,0,0,0,0,,0,0,0,0,,,,,,,
1600,,,0,0,,,,0,0,0,0,,0,0,0,,,
1700,0,1.0000,0,0,,,,0,0,0,0,,,,,0,0,
1800,,,,0,0,0,0,51,0,15012,0,,0,0,0,0,0,
1900,,,,250,0,0,0,23526,3714,160548,1400,0,0,0,0,0,0,
2000,,,,0,0,0,0,0,1,1,2,6,6,9,13,,,
2100,,,,0,0,0,0,4705,1857,160548,2100,0,0,0,0,0,0,
169210,2622,2622,169210,0,169210,167364
7,20,66,6,2024,720066,
100,232,,,232,,,,0,0,0,0,,,,,,,
210,0,,,0,,,,0,0,0,0,,,,,,,
220,0,,,0,,,,0,,0,,,,,,,,
310,633,,,510,,,,0,0,123,0,0,,,,,,
320,0,,,0,,,,0,0,0,0,0,,,,,,
410,0,,,,,,,0,,,,,,,0,0,0,
420,0,,,,,,,0,,,,,,,0,0,0,
430,0,,,,,,,0,,,,,,,0,0,0,
510,4328848,,,0,,,,217812,104501,3990694,15841,,,,,,,
520,0,,,0,,,,0,0,0,0,,,,,,,
600,2624,,,0,,,,0,2624,0,0,,,,,,,
700,55070,,,0,,,,92,,54978,,,,,,,,
800,4387408,,,742,,,,217905,107125,4045795,15841,0,,,0,0,0,
900,1691,1.0000,1691,0,,,,0,0,1691,0,,,,,,,
1000,15,0.5000,7,0,,,,0,0,7,0,,,,,,,
1110,0,0.2000,0,0,,,,0,0,0,0,,,,,,,
1120,342,0.5000,171,0,,,,0,0,171,0,,,,,,,
1200,0,1.0000,0,0,0,0,,0,0,0,0,,,,,0,0,
1310,218161,0.2000,43632,0,,,,1390,2328,39914,0,,,,,,,
1320,302618,0.5000,151309,0,,,,2412,2815,146082,0,,,,,,,
1330,0,0.2000,0,0,,,,0,0,0,0,,,,,,,
1400,0,,0,0,,,0,0,0,0,0,,,,,0,0,
1500,0,,0,0,0,0,,0,0,0,0,,,,,,,
1600,,,0,0,,,,0,0,0,0,,0,0,0,,,
1700,0,1.0000,0,0,,,,0,0,0,0,,,,,0,0,
1800,,,,0,0,0,0,3802,5143,187865,0,,0,0,0,0,0,
1900,,,,742,0,0,0,221707,112269,4233660,15841,0,0,0,0,0,0,
2000,,,,0,0,0,0,0,1,1,2,6,6,9,13,,,
2100,,,,0,0,0,0,44341,56134,4233660,23761,0,0,0,0,0,0,
4357897,76761,76761,4357897,0,4357897,4341407
7,20,131,6,2024,720131,
100,142,,,141,,,,1,0,0,0,,,,,,,
210,0,,,0,,,,0,0,0,0,,,,,,,
220,0,,,0,,,,0,,0,,,,,,,,
310,4909,,,4180,,,,0,0,730,0,0,,,,,,
320,0,,,0,,,,0,0,0,0,0,,,,,,
410,0,,,,,,,0,,,,,,,0,0,0,
420,0,,,,,,,0,,,,,,,0,0,0,
430,0,,,,,,,0,,,,,,,0,0,0,
510,686144,,,0,,,,73360,7277,602839,2668,,,,,,,
520,0,,,0,,,,0,0,0,0,,,,,,,
600,0,,,0,,,,0,0,0,0,,,,,,,
700,5309,,,0,,,,0,,5309,,,,,,,,
800,696504,,,4321,,,,73361,7277,608877,2668,0,,,0,0,0,
900,588,1.0000,588,0,,,,0,0,588,0,,,,,,,
1000,1,0.5000,0,0,,,,0,0,0,0,,,,,,,
1110,0,0.2000,0,0,,,,0,0,0,0,,,,,,,
1120,0,0.5000,0,0,,,,0,0,0,0,,,,,,,
1200,0,1.0000,0,0,0,0,,0,0,0,0,,,,,0,0,
1310,31707,0.2000,6341,0,,,,206,20,6116,0,,,,,,,
1320,100782,0.5000,50391,0,,,,2500,483,47408,0,,,,,,,
1330,0,0.2000,0,0,,,,0,0,0,0,,,,,,,
1400,0,,0,0,,,0,0,0,0,0,,,,,0,0,
1500,0,,0,0,0,0,,0,0,0,0,,,,,,,
1600,,,0,0,,,,0,0,0,0,,0,0,0,,,
1700,0,1.0000,0,0,,,,0,0,0,0,,,,,0,0,
1800,,,,0,0,0,0,2706,503,54112,0,,0,0,0,0,0,
1900,,,,4321,0,0,0,76067,7780,662989,2668,0,0,0,0,0,0,
2000,,,,0,0,0,0,0,1,1,2,6,6,9,13,,,
2100,,,,0,0,0,0,15213,3890,662989,4003,0,0,0,0,0,0,
686095,11681,11681,686095,1880,684215,676094
7,20,143,6,2024,720143,
100,77,,,77,,,,0,0,0,0,,,,,,,
210,0,,,0,,,,0,0,0,0,,,,,,,
220,0,,,0,,,,0,,0,,,,,,,,
310,0,,,0,,,,0,0,0,0,0,,,,,,
320,0,,,0,,,,0,0,0,0,0,,,,,,
410,0,,,,,,,0,,,,,,,0,0,0,
420,0,,,,,,,0,,,,,,,0,0,0,
430,0,,,,,,,0,,,,,,,0,0,0,
510,790057,,,0,,,,3028,11259,774445,1325,,,,,,,
520,0,,,0,,,,0,0,0,0,,,,,,,
600,120,,,0,,,,0,120,0,0,,,,,,,
700,3680,,,0,,,,5,,3675,,,,,,,,
800,793934,,,77,,,,3033,11378,778120,1325,0,,,0,0,0,
900,320,1.0000,320,0,,,,0,0,320,0,,,,,,,
1000,109,0.5000,54,0,,,,0,0,54,0,,,,,,,
1110,0,0.2000,0,0,,,,0,0,0,0,,,,,,,
1120,78,0.5000,39,0,,,,0,0,39,0,,,,,,,
1200,0,1.0000,0,0,0,0,,0,0,0,0,,,,,0,0,
1310,93374,0.2000,18675,0,,,,347,186,18142,0,,,,,,,
1320,73754,0.5000,36877,0,,,,0,115,36762,0,,,,,,,
1330,0,0.2000,0,0,,,,0,0,0,0,,,,,,,
1400,0,,0,0,,,0,0,0,0,0,,,,,0,0,
1500,0,,0,0,0,0,,0,0,0,0,,,,,,,
1600,,,0,0,,,,0,0,0,0,,0,0,0,,,
1700,0,1.0000,0,0,,,,0,0,0,0,,,,,0,0,
1800,,,,0,0,0,0,347,300,55317,0,,0,0,0,0,0,
1900,,,,77,0,0,0,3380,11679,833437,1325,0,0,0,0,0,0,
2000,,,,0,0,0,0,0,1,1,2,6,6,9,13,,,
2100,,,,0,0,0,0,676,5839,833437,1988,0,0,0,0,0,0,
841940,12606,12606,841940,0,841940,840504
7,20,168,6,2024,720168,
100,639,,,250,,,,389,0,0,0,,,,,,,
210,0,,,0,,,,0,0,0,0,,,,,,,
220,0,,,0,,,,0,,0,,,,,,,,
310,4005,,,3175,,,,0,0,831,0,0,,,,,,
320,0,,,0,,,,0,0,0,0,0,,,,,,
410,0,,,,,,,0,,,,,,,0,0,0,
420,0,,,,,,,0,,,,,,,0,0,0,
430,0,,,,,,,0,,,,,,,0,0,0,
510,632460,,,4224,,,,106901,10094,505144,6097,,,,,,,
520,0,,,0,,,,0,0,0,0,,,,,,,
600,0,,,0,,,,0,0,0,0,,,,,,,
700,5105,,,0,,,,108,,4997,,,,,,,,
800,642210,,,7649,,,,107398,10094,510972,6097,0,,,0,0,0,
900,1349,1.0000,1349,0,,,,0,0,1349,0,,,,,,,
1000,42,0.5000,21,0,,,,0,0,21,0,,,,,,,
1110,0,0.2000,0,0,,,,0,0,0,0,,,,,,,
1120,0,0.5000,0,0,,,,0,0,0,0,,,,,,,
1200,0,1.0000,0,0,0,0,,0,0,0,0,,,,,0,0,
1310,28798,0.2000,5760,1074,,,,1040,0,3646,0,,,,,,,
1320,108829,0.5000,54414,20505,,,,3978,0,29932,0,,,,,,,
1330,0,0.2000,0,0,,,,0,0,0,0,,,,,,,
1400,0,,0,0,,,0,0,0,0,0,,,,,0,0,
1500,0,,0,0,0,0,,0,0,0,0,,,,,,,
1600,,,0,0,,,,0,0,0,0,,0,0,0,,,
1700,0,1.0000,0,0,,,,0,0,0,0,,,,,0,0,
1800,,,,21579,0,0,0,5017,0,34948,0,,0,0,0,0,0,
1900,,,,29228,0,0,0,112415,10094,545920,6097,0,0,0,0,0,0,
2000,,,,0,0,0,0,0,1,1,2,6,6,9,13,,,
2100,,,,0,0,0,0,22483,5047,545920,9146,0,0,0,0,0,0,
582596,23694,23694,582596,0,582596,577457
7,20,186,6,2024,720186,
100,6,,,6,,,,0,0,0,0,,,,,,,
210,0,,,0,,,,0,0,0,0,,,,,,,
220,0,,,0,,,,0,,0,,,,,,,,
310,0,,,0,,,,0,0,0,0,0,,,,,,
320,0,,,0,,,,0,0,0,0,0,,,,,,
410,0,,,,,,,0,,,,,,,0,0,0,
420,0,,,,,,,0,,,,,,,0,0,0,
430,0,,,,,,,0,,,,,,,0,0,0,
510,391261,,,0,,,,23208,3419,364466,169,,,,,,,
520,0,,,0,,,,0,0,0,0,,,,,,,
600,247,,,0,,,,0,0,247,0,,,,,,,
700,2540,,,0,,,,93,,2447,,,,,,,,
800,394055,,,6,,,,23301,3419,367160,169,0,,,0,0,0,
900,95,1.0000,95,0,,,,0,0,95,0,,,,,,,
1000,1,0.5000,0,0,,,,0,0,0,0,,,,,,,
1110,0,0.2000,0,0,,,,0,0,0,0,,,,,,,
1120,0,0.5000,0,0,,,,0,0,0,0,,,,,,,
1200,0,1.0000,0,0,0,0,,0,0,0,0,,,,,0,0,
1310,151,0.2000,30,0,,,,0,0,30,0,,,,,,,
1320,47039,0.5000,23520,0,,,,259,6,23255,0,,,,,,,
1330,0,0.2000,0,0,,,,0,0,0,0,,,,,,,
1400,0,,0,0,,,0,0,0,0,0,,,,,0,0,
1500,0,,0,0,0,0,,0,0,0,0,,,,,,,
1600,,,0,0,,,,0,0,0,0,,0,0,0,,,
1700,0,1.0000,0,0,,,,0,0,0,0,,,,,0,0,
1800,,,,0,0,0,0,259,6,23380,0,,0,0,0,0,0,
1900,,,,6,0,0,0,23559,3426,390540,169,0,0,0,0,0,0,
2000,,,,0,0,0,0,0,1,1,2,6,6,9,13,,,
2100,,,,0,0,0,0,4712,1713,390540,253,0,0,0,0,0,0,
397218,6587,6587,397218,0,397218,395891
7,20,188,6,2024,720188,
100,12,,,12,,,,1,0,0,0,,,,,,,
210,0,,,0,,,,0,0,0,0,,,,,,,
220,0,,,0,,,,0,,0,,,,,,,,
310,81961,,,81961,,,,0,0,0,0,0,,,,,,
320,0,,,0,,,,0,0,0,0,0,,,,,,
410,0,,,,,,,0,,,,,,,0,0,0,
420,0,,,,,,,0,,,,,,,0,0,0,
430,0,,,,,,,0,,,,,,,0,0,0,
510,860757,,,0,,,,187156,7490,659354,6757,,,,,,,
520,0,,,0,,,,0,0,0,0,,,,,,,
600,560,,,0,,,,0,560,0,0,,,,,,,
700,11218,,,0,,,,184,,11034,,,,,,,,
800,954508,,,81972,,,,187340,8050,670388,6757,0,,,0,0,0,
900,550,1.0000,550,0,,,,0,0,550,0,,,,,,,
1000,2,0.5000,1,0,,,,0,0,1,0,,,,,,,
1110,0,0.2000,0,0,,,,0,0,0,0,,,,,,,
1120,0,0.5000,0,0,,,,0,0,0,0,,,,,,,
1200,0,1.0000,0,0,0,0,,0,0,0,0,,,,,0,0,
1310,8330,0.2000,1666,0,,,,5,0,1661,0,,,,,,,
1320,153923,0.5000,76961,0,,,,12194,64,64703,0,,,,,,,
1330,0,0.2000,0,0,,,,0,0,0,0,,,,,,,
1400,0,,0,0,,,0,0,0,0,0,,,,,0,0,
1500,0,,0,0,0,0,,0,0,0,0,,,,,,,
1600,,,0,0,,,,0,0,0,0,,0,0,0,,,
1700,0,1.0000,0,0,,,,0,0,0,0,,,,,0,0,
1800,,,,0,0,0,0,12199,64,66915,0,,0,0,0,0,0,
1900,,,,81972,0,0,0,199539,8114,737303,6757,0,0,0,0,0,0,
2000,,,,0,0,0,0,0,1,1,2,6,6,9,13,,,
2100,,,,0,0,0,0,39908,4057,737303,10136,0,0,0,0,0,0,
791404,18167,18167,791404,0,791404,787465
7,20,194,6,2024,720194,
100,503,,,250,,,,253,0,0,0,,,,,,,
210,0,,,0,,,,0,0,0,0,,,,,,,
220,0,,,0,,,,0,,0,,,,,,,,
310,0,,,0,,,,0,0,0,0,0,,,,,,
320,0,,,0,,,,0,0,0,0,0,,,,,,
410,0,,,,,,,0,,,,,,,0,0,0,
420,0,,,,,,,0,,,,,,,0,0,0,
430,0,,,,,,,0,,,,,,,0,0,0,
510,2203618,,,1,,,,18266,63775,2099301,22274,,,,,,,
520,0,,,0,,,,0,0,0,0,,,,,,,
600,8,,,0,,,,0,8,0,0,,,,,,,
700,17380,,,0,,,,16,,17364,,,,,,,,
800,2221509,,,251,,,,18536,63783,2116665,22274,0,,,0,0,0,
900,189,1.0000,189,0,,,,0,0,189,0,,,,,,,
1000,13,0.5000,6,0,,,,0,0,6,0,,,,,,,
1110,0,0.2000,0,0,,,,0,0,0,0,,,,,,,
1120,0,0.5000,0,0,,,,0,0,0,0,,,,,,,
1200,0,1.0000,0,0,0,0,,0,0,0,0,,,,,0,0,
1310,68575,0.2000,13715,0,,,,218,279,13217,0,,,,,,,
1320,194563,0.5000,97282,0,,,,2029,0,95253,0,,,,,,,
1330,0,0.2000,0,0,,,,0,0,0,0,,,,,,,
1400,0,,0,0,,,0,0,0,0,0,,,,,0,0,
1500,0,,0,0,0,0,,0,0,0,0,,,,,,,
1600,,,0,0,,,,0,0,0,0,,0,0,0,,,
1700,0,1.0000,0,0,,,,0,0,0,0,,,,,0,0,
1800,,,,0,0,0,0,2247,279,108666,0,,0,0,0,0,0,
1900,,,,251,0,0,0,20782,64063,2225331,22274,0,0,0,0,0,0,
2000,,,,0,0,0,0,0,1,1,2,6,6,9,13,,,
2100,,,,0,0,0,0,4156,32031,2225331,33411,0,0,0,0,0,0,
2294930,36268,36268,2294930,0,2294930,2289356
7,20,336,6,2024,720336,
100,34,,,33,,,,0,0,0,0,,,,,,,
210,0,,,0,,,,0,0,0,0,,,,,,,
220,0,,,0,,,,0,,0,,,,,,,,
310,0,,,0,,,,0,0,0,0,0,,,,,,
320,0,,,0,,,,0,0,0,0,0,,,,,,
410,0,,,,,,,0,,,,,,,0,0,0,
420,0,,,,,,,0,,,,,,,0,0,0,
430,2344,,,,,,,0,,,,,,,2344,0,0,
510,1448222,,,0,,,,78989,4113,1356885,8235,,,,,,,
520,0,,,0,,,,0,0,0,0,,,,,,,
600,196,,,0,,,,0,196,0,0,,,,,,,
700,22135,,,0,,,,104,,22031,,,,,,,,
800,1472931,,,33,,,,79094,4309,1378917,8235,0,,,2344,0,0,
900,97,1.0000,97,0,,,,0,0,97,0,,,,,,,
1000,0,0.5000,0,0,,,,0,0,0,0,,,,,,,
1110,0,0.2000,0,0,,,,0,0,0,0,,,,,,,
1120,37,0.5000,19,0,,,,0,0,19,0,,,,,,,
1200,0,1.0000,0,0,0,0,,0,0,0,0,,,,,0,0,
1310,51589,0.2000,10318,0,,,,2034,11,8272,0,,,,,,,
1320,142398,0.5000,71199,0,,,,12569,117,58512,0,,,,,,,
1330,0,0.2000,0,0,,,,0,0,0,0,,,,,,,
1400,0,,0,0,,,0,0,0,0,0,,,,,0,0,
1500,0,,0,0,0,0,,0,0,0,0,,,,,,,
1600,,,0,0,,,,0,0,0,0,,0,0,0,,,
1700,0,1.0000,0,0,,,,0,0,0,0,,,,,0,0,
1800,,,,0,0,0,0,14603,129,66900,0,,0,0,0,0,0,
1900,,,,33,0,0,0,93697,4437,1445817,8235,0,0,0,2344,0,0,
2000,,,,0,0,0,0,0,1,1,2,6,6,9,13,,,
2100,,,,0,0,0,0,18739,2219,1445817,12353,0,0,0,29299,0,0,
1508426,23500,23500,1508426,0,1508426,1503021
7,20,345,6,2024,720345,
100,604,,,250,,,,354,0,0,0,,,,,,,
210,0,,,0,,,,0,0,0,0,,,,,,,
220,0,,,0,,,,0,,0,,,,,,,,
310,0,,,0,,,,0,0,0,0,0,,,,,,
320,0,,,0,,,,0,0,0,0,0,,,,,,
410,0,,,,,,,0,,,,,,,0,0,0,
420,0,,,,,,,0,,,,,,,0,0,0,
430,0,,,,,,,0,,,,,,,0,0,0,
510,6790128,,,0,,,,88419,78000,6597407,26303,,,,,,,
520,0,,,0,,,,0,0,0,0,,,,,,,
600,204,,,0,,,,0,204,0,0,,,,,,,
700,42459,,,0,,,,11,,42447,,,,,,,,
800,6833394,,,250,,,,88784,78204,6639854,26303,0,,,0,0,0,
900,9843,1.0000,9843,0,,,,0,0,9843,0,,,,,,,
1000,6003,0.5000,3002,0,,,,0,0,3002,0,,,,,,,
1110,0,0.2000,0,0,,,,0,0,0,0,,,,,,,
1120,608,0.5000,304,0,,,,0,0,304,0,,,,,,,
1200,0,1.0000,0,0,0,0,,0,0,0,0,,,,,0,0,
1310,478683,0.2000,95737,0,,,,84,145,95507,0,,,,,,,
1320,939942,0.5000,469971,0,,,,383,75,469513,0,,,,,,,
1330,0,0.2000,0,0,,,,0,0,0,0,,,,,,,
1400,0,,0,0,,,0,0,0,0,0,,,,,0,0,
1500,0,,0,0,0,0,,0,0,0,0,,,,,,,
1600,,,0,0,,,,0,0,0,0,,0,0,0,,,
1700,0,1.0000,0,0,,,,0,0,0,0,,,,,0,0,
1800,,,,0,0,0,0,468,220,578168,0,,0,0,0,0,0,
1900,,,,250,0,0,0,89251,78424,7218022,26303,0,0,0,0,0,0,
2000,,,,0,0,0,0,0,1,1,2,6,6,9,13,,,
2100,,,,0,0,0,0,17850,39212,7218022,39454,0,0,0,0,0,0,
7314538,114548,114548,7314538,0,7314538,7296026
7,20,376,6,2024,720376,
100,287,,,250,,,,37,0,0,0,,,,,,,
210,0,,,0,,,,0,0,0,0,,,,,,,
220,0,,,0,,,,0,,0,,,,,,,,
310,1733,,,1637,,,,0,0,96,0,0,,,,,,
320,0,,,0,,,,0,0,0,0,0,,,,,,
410,0,,,,,,,0,,,,,,,0,0,0,
420,0,,,,,,,0,,,,,,,0,0,0,
430,0,,,,,,,0,,,,,,,0,0,0,
510,1552769,,,0,,,,22577,14345,1507650,8197,,,,,,,
520,0,,,0,,,,0,0,0,0,,,,,,,
600,60,,,0,,,,0,0,60,0,,,,,,,
700,12062,,,0,,,,17,,12045,,,,,,,,
800,1566912,,,1887,,,,22631,14345,1519852,8197,0,,,0,0,0,
900,3285,1.0000,3285,0,,,,0,0,3285,0,,,,,,,
1000,654,0.5000,327,0,,,,0,0,327,0,,,,,,,
1110,0,0.2000,0,0,,,,0,0,0,0,,,,,,,
1120,0,0.5000,0,0,,,,0,0,0,0,,,,,,,
1200,0,1.0000,0,0,0,0,,0,0,0,0,,,,,0,0,
1310,26213,0.2000,5243,0,,,,388,0,4855,0,,,,,,,
1320,408489,0.5000,204245,0,,,,1050,74,203121,0,,,,,,,
1330,0,0.2000,0,0,,,,0,0,0,0,,,,,,,
1400,0,,0,0,,,0,0,0,0,0,,,,,0,0,
1500,0,,0,0,0,0,,0,0,0,0,,,,,,,
1600,,,0,0,,,,0,0,0,0,,0,0,0,,,
1700,0,1.0000,0,0,,,,0,0,0,0,,,,,0,0,
1800,,,,0,0,0,0,1437,74,211588,0,,0,0,0,0,0,
1900,,,,1887,0,0,0,24069,14419,1731440,8197,0,0,0,0,0,0,
2000,,,,0,0,0,0,0,1,1,2,6,6,9,13,,,
2100,,,,0,0,0,0,4814,7210,1731440,12296,0,0,0,0,0,0,
1755759,27896,27896,1755759,0,1755759,1746386
7,20,440,6,2024,720440,
100,1685,,,250,,,,1435,0,0,0,,,,,,,
210,0,,,0,,,,0,0,0,0,,,,,,,
220,0,,,0,,,,0,,0,,,,,,,,
310,2376,,,0,,,,1911,0,465,0,0,,,,,,
320,0,,,0,,,,0,0,0,0,0,,,,,,
410,0,,,,,,,0,,,,,,,0,0,0,
420,0,,,,,,,0,,,,,,,0,0,0,
430,0,,,,,,,0,,,,,,,0,0,0,
510,2671429,,,0,,,,44463,33928,2584809,8229,,,,,,,
520,0,,,0,,,,0,0,0,0,,,,,,,
600,-1,,,0,,,,0,-1,0,0,,,,,,,
700,26799,,,0,,,,28,,26771,,,,,,,,
800,2702287,,,250,,,,47836,33927,2612045,8229,0,,,0,0,0,
900,2705,1.0000,2705,0,,,,0,0,2705,0,,,,,,,
1000,410,0.5000,205,0,,,,0,0,205,0,,,,,,,
1110,0,0.2000,0,0,,,,0,0,0,0,,,,,,,
1120,0,0.5000,0,0,,,,0,0,0,0,,,,,,,
1200,0,1.0000,0,0,0,0,,0,0,0,0,,,,,0,0,
1310,23945,0.2000,4789,0,,,,0,0,4789,0,,,,,,,
1320,169344,0.5000,84672,0,,,,0,0,84672,0,,,,,,,
1330,0,0.2000,0,0,,,,0,0,0,0,,,,,,,
1400,0,,0,0,,,0,0,0,0,0,,,,,0,0,
1500,0,,0,0,0,0,,0,0,0,0,,,,,,,
1600,,,0,0,,,,0,0,0,0,,0,0,0,,,
1700,0,1.0000,0,0,,,,0,0,0,0,,,,,0,0,
1800,,,,0,0,0,0,0,0,92371,0,,0,0,0,0,0,
1900,,,,250,0,0,0,47836,33927,2704416,8229,0,0,0,0,0,0,
2000,,,,0,0,0,0,0,1,1,2,6,6,9,13,,,
2100,,,,0,0,0,0,9567,16964,2704416,12344,0,0,0,0,0,0,
2743290,46849,46849,2743290,0,2743290,2729519
7,20,899,6,2024,720899,
100,135,,,151,,,,-17,0,0,0,,,,,,,
210,0,,,0,,,,0,0,0,0,,,,,,,
220,0,,,0,,,,0,,0,,,,,,,,
310,36185,,,36337,,,,0,0,-152,0,0,,,,,,
320,0,,,0,,,,0,0,0,0,0,,,,,,
410,0,,,,,,,0,,,,,,,0,0,0,
420,0,,,,,,,0,,,,,,,0,0,0,
430,0,,,,,,,0,,,,,,,0,0,0,
510,3211565,,,387775,,,,560181,227736,2033146,2727,,,,,,,
520,0,,,0,,,,0,0,0,0,,,,,,,
600,0,,,0,,,,0,0,0,0,,,,,,,
700,18289,,,0,,,,23,,18267,,,,,,,,
800,3266174,,,424263,,,,560187,227736,2051261,2727,0,,,0,0,0,
900,10119,1.0000,10119,0,,,,0,0,10119,0,,,,,,,
1000,38,0.5000,19,0,,,,0,0,19,0,,,,,,,
1110,0,0.2000,0,0,,,,0,0,0,0,,,,,,,
1120,214,0.5000,107,0,,,,0,0,107,0,,,,,,,
1200,0,1.0000,0,0,0,0,,0,0,0,0,,,,,0,0,
1310,129422,0.2000,25884,0,,,,141,0,25744,0,,,,,,,
1320,405671,0.5000,202835,0,,,,1385,2306,199144,0,,,,,,,
1330,0,0.2000,0,0,,,,0,0,0,0,,,,,,,
1400,0,,0,0,,,0,0,0,0,0,,,,,0,0,
1500,0,,0,0,0,0,,0,0,0,0,,,,,,,
1600,,,0,0,,,,0,0,0,0,,0,0,0,,,
1700,0,1.0000,0,0,,,,0,0,0,0,,,,,0,0,
1800,,,,0,0,0,0,1526,2306,235132,0,,0,0,0,0,0,
1900,,,,424263,0,0,0,561713,230042,2286393,2727,0,0,0,0,0,0,
2000,,,,0,0,0,0,0,1,1,2,6,6,9,13,,,
2100,,,,0,0,0,0,112343,115021,2286393,4091,0,0,0,0,0,0,
2517848,57102,57102,2517848,0,2517848,2510066
7,20,922,6,2024,720922,
100,701,,,234,,,,467,0,0,0,,,,,,,
210,0,,,0,,,,0,0,0,0,,,,,,,
220,0,,,0,,,,0,,0,,,,,,,,
310,0,,,0,,,,0,0,0,0,0,,,,,,
320,0,,,0,,,,0,0,0,0,0,,,,,,
410,0,,,,,,,0,,,,,,,0,0,0,
420,0,,,,,,,0,,,,,,,0,0,0,
430,0,,,,,,,0,,,,,,,0,0,0,
510,619135,,,10773,,,,49146,24158,532200,2858,,,,,,,
520,0,,,0,,,,0,0,0,0,,,,,,,
600,304,,,0,,,,0,304,0,0,,,,,,,
700,8959,,,0,,,,28,,8931,,,,,,,,
800,629099,,,11007,,,,49641,24462,541131,2858,0,,,0,0,0,
900,73,1.0000,73,0,,,,0,0,73,0,,,,,,,
1000,0,0.5000,0,0,,,,0,0,0,0,,,,,,,
1110,0,0.2000,0,0,,,,0,0,0,0,,,,,,,
1120,0,0.5000,0,0,,,,0,0,0,0,,,,,,,
1200,0,1.0000,0,0,0,0,,0,0,0,0,,,,,0,0,
1310,41951,0.2000,8390,0,,,,0,81,8310,0,,,,,,,
1320,113186,0.5000,56593,0,,,,16,1143,55434,0,,,,,,,
1330,0,0.2000,0,0,,,,0,0,0,0,,,,,,,
1400,0,,0,0,,,0,0,0,0,0,,,,,0,0,
1500,0,,0,0,0,0,,0,0,0,0,,,,,,,
1600,,,0,0,,,,0,0,0,0,,0,0,0,,,
1700,0,1.0000,0,0,,,,0,0,0,0,,,,,0,0,
1800,,,,0,0,0,0,16,1224,63817,0,,0,0,0,0,0,
1900,,,,11007,0,0,0,49656,25686,604947,2858,0,0,0,0,0,0,
2000,,,,0,0,0,0,0,1,1,2,6,6,9,13,,,
2100,,,,0,0,0,0,9931,12843,604947,4287,0,0,0,0,0,0,
632009,10304,10304,632009,0,632009,630052
7,22,12,6,2024,722012,
100,0,,,0,,,,0,0,0,0,,,,,,,
210,0,,,0,,,,0,0,0,0,,,,,,,
220,0,,,0,,,,0,,0,,,,,,,,
310,677,,,677,,,,0,0,0,0,0,,,,,,
320,0,,,0,,,,0,0,0,0,0,,,,,,
410,0,,,,,,,0,,,,,,,0,0,0,
420,0,,,,,,,0,,,,,,,0,0,0,
430,0,,,,,,,0,,,,,,,0,0,0,
510,12680095,,,10998,,,,331934,1081565,11219141,36456,,,,,,,
520,0,,,0,,,,0,0,0,0,,,,,,,
600,0,,,0,,,,0,0,0,0,,,,,,,
700,149936,,,0,,,,16518,,133417,,,,,,,,
800,12830708,,,11676,,,,348453,1081565,11352558,36456,0,,,0,0,0,
900,97907,1.0000,97907,0,,,,0,0,97907,0,,,,,,,
1000,129,0.5000,65,0,,,,0,0,65,0,,,,,,,
1110,0,0.2000,0,0,,,,0,0,0,0,,,,,,,
1120,0,0.5000,0,0,,,,0,0,0,0,,,,,,,
1200,0,1.0000,0,0,0,0,,0,0,0,0,,,,,0,0,
1310,464539,0.2000,92908,0,,,,5,205,92695,2,,,,,,,
1320,3039346,0.5000,1519673,0,,,,4156,9325,1504795,1397,,,,,,,
1330,0,0.2000,0,0,,,,0,0,0,0,,,,,,,
1400,0,,0,0,,,0,0,0,0,0,,,,,0,0,
1500,0,,0,0,0,0,,0,0,0,0,,,,,,,
1600,,,0,0,,,,0,0,0,0,,0,0,0,,,
1700,0,1.0000,0,0,,,,0,0,0,0,,,,,0,0,
1800,,,,0,0,0,0,4162,9530,1695462,1398,,0,0,0,0,0,
1900,,,,11676,0,0,0,352615,1091095,13048020,37854,0,0,0,0,0,0,
2000,,,,0,0,0,0,0,1,1,2,6,6,9,13,,,
2100,,,,0,0,0,0,70523,545547,13048020,56782,0,0,0,0,0,0,
13720872,438296,438369,13720799,0,13720799,13685501
7,22,114,6,2024,722114,
100,0,,,0,,,,0,0,0,0,,,,,,,
210,0,,,0,,,,0,0,0,0,,,,,,,
220,0,,,0,,,,0,,0,,,,,,,,
310,0,,,0,,,,0,0,0,0,0,,,,,,
320,0,,,0,,,,0,0,0,0,0,,,,,,
410,0,,,,,,,0,,,,,,,0,0,0,
420,0,,,,,,,0,,,,,,,0,0,0,
430,0,,,,,,,0,,,,,,,0,0,0,
510,1456703,,,121,,,,25977,4749,1418048,7808,,,,,,,
520,0,,,0,,,,0,0,0,0,,,,,,,
600,0,,,0,,,,0,0,0,0,,,,,,,
700,23482,,,0,,,,1428,,22054,,,,,,,,
800,1480185,,,121,,,,27405,4749,1440103,7808,0,,,0,0,0,
900,5367,1.0000,5367,0,,,,0,0,5367,0,,,,,,,
1000,37,0.5000,18,0,,,,0,0,18,0,,,,,,,
1110,0,0.2000,0,0,,,,0,0,0,0,,,,,,,
1120,0,0.5000,0,0,,,,0,0,0,0,,,,,,,
1200,0,1.0000,0,0,0,0,,0,0,0,0,,,,,0,0,
1310,67267,0.2000,13453,0,,,,0,0,13453,0,,,,,,,
1320,377980,0.5000,188990,0,,,,1103,2453,185368,65,,,,,,,
1330,0,0.2000,0,0,,,,0,0,0,0,,,,,,,
1400,0,,0,0,,,0,0,0,0,0,,,,,0,0,
1500,0,,0,0,0,0,,0,0,0,0,,,,,,,
1600,,,0,0,,,,0,0,0,0,,0,0,0,,,
1700,0,1.0000,0,0,,,,0,0,0,0,,,,,0,0,
1800,,,,0,0,0,0,1103,2453,204207,65,,0,0,0,0,0,
1900,,,,121,0,0,0,28508,7203,1644310,7873,0,0,0,0,0,0,
2000,,,,0,0,0,0,0,1,1,2,6,6,9,13,,,
2100,,,,0,0,0,0,5702,3601,1644310,11809,0,0,0,0,0,0,
1665422,50680,50718,1665384,0,1665384,1661746
7,22,146,6,2024,722146,
100,0,,,0,,,,0,0,0,0,,,,,,,
210,0,,,0,,,,0,0,0,0,,,,,,,
220,0,,,0,,,,0,,0,,,,,,,,
310,391322,,,384478,,,,0,0,6844,0,0,,,,,,
320,0,,,0,,,,0,0,0,0,0,,,,,,
410,0,,,,,,,0,,,,,,,0,0,0,
420,0,,,,,,,0,,,,,,,0,0,0,
430,0,,,,,,,0,,,,,,,0,0,0,
510,6275032,,,207533,,,,102848,3975,5936825,23852,,,,,,,
520,0,,,0,,,,0,0,0,0,,,,,,,
600,0,,,0,,,,0,0,0,0,,,,,,,
700,103407,,,0,,,,4171,,99236,,,,,,,,
800,6769761,,,592011,,,,107019,3975,6042905,23852,0,,,0,0,0,
900,34423,1.0000,34423,0,,,,0,0,34423,0,,,,,,,
1000,3,0.5000,1,0,,,,0,0,1,0,,,,,,,
1110,0,0.2000,0,0,,,,0,0,0,0,,,,,,,
1120,0,0.5000,0,0,,,,0,0,0,0,,,,,,,
1200,0,1.0000,0,0,0,0,,0,0,0,0,,,,,0,0,
1310,407444,0.2000,81489,0,,,,55,0,81434,0,,,,,,,
1320,1436015,0.5000,718007,144,,,,11,1144,716707,0,,,,,,,
1330,0,0.2000,0,0,,,,0,0,0,0,,,,,,,
1400,0,,0,0,,,0,0,0,0,0,,,,,0,0,
1500,0,,0,0,0,0,,0,0,0,0,,,,,,,
1600,,,0,0,,,,0,0,0,0,,0,0,0,,,
1700,0,1.0000,0,0,,,,0,0,0,0,,,,,0,0,
1800,,,,144,0,0,0,66,1144,832566,0,,0,0,0,0,0,
1900,,,,592155,0,0,0,107085,5119,6875471,23852,0,0,0,0,0,0,
2000,,,,0,0,0,0,0,1,1,2,6,6,9,13,,,
2100,,,,0,0,0,0,21417,2560,6875471,35778,0,0,0,0,0,0,
6935225,228411,228411,6935225,0,6935225,6924089
7,22,198,6,2024,722198,
100,26393,,,0,,,,26393,0,0,0,,,,,,,
210,0,,,0,,,,0,0,0,0,,,,,,,
220,0,,,0,,,,0,,0,,,,,,,,
310,1275955,,,1180124,,,,0,0,95831,0,0,,,,,,
320,0,,,0,,,,0,0,0,0,0,,,,,,
410,0,,,,,,,0,,,,,,,0,0,0,
420,0,,,,,,,0,,,,,,,0,0,0,
430,0,,,,,,,0,,,,,,,0,0,0,
510,40389179,,,1089878,,,,4637,755035,38421301,118327,,,,,,,
520,0,,,0,,,,0,0,0,0,,,,,,,
600,0,,,0,,,,0,0,0,0,,,,,,,
700,1956273,,,1428525,,,,38167,,489581,,,,,,,,
800,43647801,,,3698528,,,,69197,755035,39006713,118327,0,,,0,0,0,
900,219356,1.0000,219356,0,,,,0,0,219356,0,,,,,,,
1000,0,0.5000,0,0,,,,0,0,0,0,,,,,,,
1110,0,0.2000,0,0,,,,0,0,0,0,,,,,,,
1120,0,0.5000,0,0,,,,0,0,0,0,,,,,,,
1200,0,1.0000,0,0,0,0,,0,0,0,0,,,,,0,0,
1310,2859769,0.2000,571954,0,,,,0,0,571954,0,,,,,,,
1320,10036975,0.5000,5018488,0,,,,0,0,5018488,0,,,,,,,
1330,0,0.2000,0,0,,,,0,0,0,0,,,,,,,
1400,0,,0,0,,,0,0,0,0,0,,,,,0,0,
1500,0,,0,0,0,0,,0,0,0,0,,,,,,,
1600,,,0,0,,,,0,0,0,0,,0,0,0,,,
1700,7254,1.0000,7254,0,,,,0,0,7254,0,,,,,0,0,
1800,,,,0,0,0,0,0,0,5817051,0,,0,0,0,0,0,
1900,,,,3698528,0,0,0,69197,755035,44823765,118327,0,0,0,0,0,0,
2000,,,,0,0,0,0,0,1,1,2,6,6,9,13,,,
2100,,,,0,0,0,0,13839,377517,44823765,177491,0,0,0,0,0,0,
45392613,1428525,1428525,45392613,0,45392613,45316828
7,22,216,6,2024,722216,
100,0,,,0,,,,0,0,0,0,,,,,,,
210,0,,,0,,,,0,0,0,0,,,,,,,
220,0,,,0,,,,0,,0,,,,,,,,
310,0,,,0,,,,0,0,0,0,0,,,,,,
320,0,,,0,,,,0,0,0,0,0,,,,,,
410,528,,,,,,,0,,,,,,,528,0,0,
420,0,,,,,,,0,,,,,,,0,0,0,
430,0,,,,,,,0,,,,,,,0,0,0,
510,13892967,,,0,,,,323553,119001,13397236,53178,,,,,,,
520,0,,,0,,,,0,0,0,0,,,,,,,
600,0,,,0,,,,0,0,0,0,,,,,,,
700,161310,,,0,,,,7208,,154103,,,,,,,,
800,14054805,,,0,,,,330760,119001,13551338,53178,0,,,528,0,0,
900,82246,1.0000,82246,0,,,,0,0,82246,0,,,,,,,
1000,4403,0.5000,2202,0,,,,0,0,2202,0,,,,,,,
1110,0,0.2000,0,0,,,,0,0,0,0,,,,,,,
1120,0,0.5000,0,0,,,,0,0,0,0,,,,,,,
1200,0,1.0000,0,0,0,0,,0,0,0,0,,,,,0,0,
1310,613472,0.2000,122694,0,,,,5,0,122689,0,,,,,,,
1320,4812331,0.5000,2406165,0,,,,6720,23718,2375338,389,,,,,,,
1330,0,0.2000,0,0,,,,0,0,0,0,,,,,,,
1400,0,,80,0,,,0,80,0,0,0,,,,,0,0,
1500,0,,0,0,0,0,,0,0,0,0,,,,,,,
1600,,,0,0,,,,0,0,0,0,,0,0,0,,,
1700,0,1.0000,0,0,,,,0,0,0,0,,,,,0,0,
1800,,,,0,0,0,0,6806,23718,2582475,389,,0,0,0,0,0,
1900,,,,0,0,0,0,337566,142718,16133813,53567,0,0,0,528,0,0,
2000,,,,0,0,0,0,0,1,1,2,6,6,9,13,,,
2100,,,,0,0,0,0,67513,71359,16133813,80350,0,0,0,6600,0,0,
16359635,400129,400353,16359411,0,16359411,16331378
7,22,233,6,2024,722233,
100,0,,,0,,,,0,0,0,0,,,,,,,
210,0,,,0,,,,0,0,0,0,,,,,,,
220,0,,,0,,,,0,,0,,,,,,,,
310,1942623,,,1937135,,,,0,0,5488,0,0,,,,,,
320,0,,,0,,,,0,0,0,0,0,,,,,,
410,0,,,,,,,0,,,,,,,0,0,0,
420,0,,,,,,,0,,,,,,,0,0,0,
430,0,,,,,,,0,,,,,,,0,0,0,
510,33326408,,,715242,,,,433502,2776868,29243645,157151,,,,,,,
520,0,,,0,,,,0,0,0,0,,,,,,,
600,0,,,0,,,,0,0,0,0,,,,,,,
700,485784,,,0,,,,15397,,470386,,,,,,,,
800,35754815,,,2652377,,,,448899,2776868,29719519,157151,0,,,0,0,0,
900,42701,1.0000,42701,0,,,,0,0,42701,0,,,,,,,
1000,0,0.5000,0,0,,,,0,0,0,0,,,,,,,
1110,0,0.2000,0,0,,,,0,0,0,0,,,,,,,
1120,0,0.5000,0,0,,,,0,0,0,0,,,,,,,
1200,0,1.0000,0,0,0,0,,0,0,0,0,,,,,0,0,
1310,3070843,0.2000,614169,0,,,,735,7,613399,28,,,,,,,
1320,4607207,0.5000,2303604,0,,,,4144,187866,2111592,2,,,,,,,
1330,0,0.2000,0,0,,,,0,0,0,0,,,,,,,
1400,0,,0,0,,,0,0,0,0,0,,,,,0,0,
1500,0,,0,0,0,0,,0,0,0,0,,,,,,,
1600,,,0,0,,,,0,0,0,0,,0,0,0,,,
1700,0,1.0000,0,0,,,,0,0,0,0,,,,,0,0,
1800,,,,0,0,0,0,4879,187873,2767692,30,,0,0,0,0,0,
1900,,,,2652377,0,0,0,453778,2964741,32487211,157181,0,0,0,0,0,0,
2000,,,,0,0,0,0,0,1,1,2,6,6,9,13,,,
2100,,,,0,0,0,0,90756,1482371,32487211,235771,0,0,0,0,0,0,
34296108,1131182,1131904,34295386,0,34295386,34254078
7,22,313,6,2024,722313,
100,0,,,0,,,,0,0,0,0,,,,,,,
210,0,,,0,,,,0,0,0,0,,,,,,,
220,0,,,0,,,,0,,0,,,,,,,,
310,0,,,0,,,,0,0,0,0,0,,,,,,
320,0,,,0,,,,0,0,0,0,0,,,,,,
410,0,,,,,,,0,,,,,,,0,0,0,
420,0,,,,,,,0,,,,,,,0,0,0,
430,0,,,,,,,0,,,,,,,0,0,0,
510,1851773,,,0,,,,25995,273127,1541283,11367,,,,,,,
520,0,,,0,,,,0,0,0,0,,,,,,,
600,0,,,0,,,,0,0,0,0,,,,,,,
700,34285,,,0,,,,1621,,32664,,,,,,,,
800,1886058,,,0,,,,27617,273127,1573947,11367,0,,,0,0,0,
900,4978,1.0000,4978,0,,,,0,0,4978,0,,,,,,,
1000,52,0.5000,26,0,,,,0,0,26,0,,,,,,,
1110,0,0.2000,0,0,,,,0,0,0,0,,,,,,,
1120,0,0.5000,0,0,,,,0,0,0,0,,,,,,,
1200,0,1.0000,0,0,0,0,,0,0,0,0,,,,,0,0,
1310,17214,0.2000,3443,0,,,,57,82,3303,0,,,,,,,
1320,292564,0.5000,146282,0,,,,9,4948,141325,0,,,,,,,
1330,0,0.2000,0,0,,,,0,0,0,0,,,,,,,
1400,0,,0,0,,,0,0,0,0,0,,,,,0,0,
1500,0,,0,0,0,0,,0,0,0,0,,,,,,,
1600,,,0,0,,,,0,0,0,0,,0,0,0,,,
1700,0,1.0000,0,0,,,,0,0,0,0,,,,,0,0,
1800,,,,0,0,0,0,66,5031,149632,0,,0,0,0,0,0,
1900,,,,0,0,0,0,27683,278158,1723580,11367,0,0,0,0,0,0,
2000,,,,0,0,0,0,0,1,1,2,6,6,9,13,,,
2100,,,,0,0,0,0,5537,139079,1723580,17050,0,0,0,0,0,0,
1885245,58382,58821,1884806,0,1884806,1880386
7,22,350,6,2024,722350,
100,0,,,0,,,,0,0,0,0,,,,,,,
210,0,,,0,,,,0,0,0,0,,,,,,,
220,0,,,0,,,,0,,0,,,,,,,,
310,28,,,28,,,,0,0,0,0,0,,,,,,
320,0,,,0,,,,0,0,0,0,0,,,,,,
410,0,,,,,,,0,,,,,,,0,0,0,
420,0,,,,,,,0,,,,,,,0,0,0,
430,0,,,,,,,0,,,,,,,0,0,0,
510,2270617,,,0,,,,23446,9871,2226248,11052,,,,,,,
520,0,,,0,,,,0,0,0,0,,,,,,,
600,0,,,0,,,,0,0,0,0,,,,,,,
700,19268,,,0,,,,2346,,16922,,,,,,,,
800,2289913,,,28,,,,25792,9871,2243170,11052,0,,,0,0,0,
900,4198,1.0000,4198,0,,,,0,0,4198,0,,,,,,,
1000,22,0.5000,11,0,,,,0,0,11,0,,,,,,,
1110,0,0.2000,0,0,,,,0,0,0,0,,,,,,,
1120,0,0.5000,0,0,,,,0,0,0,0,,,,,,,
1200,0,1.0000,0,0,0,0,,0,0,0,0,,,,,0,0,
1310,188631,0.2000,37726,0,,,,1420,0,36306,0,,,,,,,
1320,380893,0.5000,190447,0,,,,36,579,189832,0,,,,,,,
1330,0,0.2000,0,0,,,,0,0,0,0,,,,,,,
1400,0,,0,0,,,0,0,0,0,0,,,,,0,0,
1500,0,,0,0,0,0,,0,0,0,0,,,,,,,
1600,,,0,0,,,,0,0,0,0,,0,0,0,,,
1700,0,1.0000,0,0,,,,0,0,0,0,,,,,0,0,
1800,,,,0,0,0,0,1455,579,230348,0,,0,0,0,0,0,
1900,,,,28,0,0,0,27247,10450,2473518,11052,0,0,0,0,0,0,
2000,,,,0,0,0,0,0,1,1,2,6,6,9,13,,,
2100,,,,0,0,0,0,5449,5225,2473518,16578,0,0,0,0,0,0,
2500770,73717,73717,2500770,0,2500770,2494011
7,22,406,6,2024,722406,
100,0,,,0,,,,0,0,0,0,,,,,,,
210,0,,,0,,,,0,0,0,0,,,,,,,
220,0,,,0,,,,0,,0,,,,,,,,
310,31023,,,31023,,,,0,0,0,0,0,,,,,,
320,0,,,0,,,,0,0,0,0,0,,,,,,
410,0,,,,,,,0,,,,,,,0,0,0,
420,0,,,,,,,0,,,,,,,0,0,0,
430,0,,,,,,,0,,,,,,,0,0,0,
510,884269,,,18945,,,,15758,1998,847326,241,,,,,,,
520,0,,,0,,,,0,0,0,0,,,,,,,
600,0,,,0,,,,0,0,0,0,,,,,,,
700,11891,,,0,,,,1015,,10876,,,,,,,,
800,927183,,,49968,,,,16773,1998,858202,241,0,,,0,0,0,
900,6,1.0000,6,0,,,,0,0,6,0,,,,,,,
1000,0,0.5000,0,0,,,,0,0,0,0,,,,,,,
1110,0,0.2000,0,0,,,,0,0,0,0,,,,,,,
1120,0,0.5000,0,0,,,,0,0,0,0,,,,,,,
1200,0,1.0000,0,0,0,0,,0,0,0,0,,,,,0,0,
1310,54710,0.2000,10942,0,,,,0,0,10942,0,,,,,,,
1320,168431,0.5000,84215,0,,,,1888,0,82327,0,,,,,,,
1330,0,0.2000,0,0,,,,0,0,0,0,,,,,,,
1400,0,,0,0,,,0,0,0,0,0,,,,,0,0,
1500,0,,0,0,0,0,,0,0,0,0,,,,,,,
1600,,,0,0,,,,0,0,0,0,,0,0,0,,,
1700,0,1.0000,0,0,,,,0,0,0,0,,,,,0,0,
1800,,,,0,0,0,0,1888,0,93275,0,,0,0,0,0,0,
1900,,,,49968,0,0,0,18661,1998,951478,241,0,0,0,0,0,0,
2000,,,,0,0,0,0,0,1,1,2,6,6,9,13,,,
2100,,,,0,0,0,0,3732,999,951478,362,0,0,0,0,0,0,
956571,34460,34460,956571,0,956571,955813
7,22,644,6,2024,722644,
100,0,,,0,,,,0,0,0,0,,,,,,,
210,0,,,0,,,,0,0,0,0,,,,,,,
220,0,,,0,,,,0,,0,,,,,,,,
310,0,,,0,,,,0,0,0,0,0,,,,,,
320,0,,,0,,,,0,0,0,0,0,,,,,,
410,0,,,,,,,0,,,,,,,0,0,0,
420,0,,,,,,,0,,,,,,,0,0,0,
430,0,,,,,,,0,,,,,,,0,0,0,
510,6337572,,,0,,,,275334,52987,5987632,21619,,,,,,,
520,0,,,0,,,,0,0,0,0,,,,,,,
600,0,,,0,,,,0,0,0,0,,,,,,,
700,99108,,,0,,,,5875,,93233,,,,,,,,
800,6436680,,,0,,,,281209,52987,6080865,21619,0,,,0,0,0,
900,29258,1.0000,29258,0,,,,0,0,29258,0,,,,,,,
1000,3,0.5000,1,0,,,,0,0,1,0,,,,,,,
1110,0,0.2000,0,0,,,,0,0,0,0,,,,,,,
1120,0,0.5000,0,0,,,,0,0,0,0,,,,,,,
1200,0,1.0000,0,0,0,0,,0,0,0,0,,,,,0,0,
1310,239954,0.2000,47991,0,,,,445,0,47497,48,,,,,,,
1320,1208227,0.5000,604114,0,,,,794,1401,601919,0,,,,,,,
1330,0,0.2000,0,0,,,,0,0,0,0,,,,,,,
1400,0,,0,0,,,0,0,0,0,0,,,,,0,0,
1500,0,,0,0,0,0,,0,0,0,0,,,,,,,
1600,,,0,0,,,,0,0,0,0,,0,0,0,,,
1700,0,1.0000,0,0,,,,0,0,0,0,,,,,0,0,
1800,,,,0,0,0,0,1239,1401,678676,48,,0,0,0,0,0,
1900,,,,0,0,0,0,282448,54388,6759541,21667,0,0,0,0,0,0,
2000,,,,0,0,0,0,0,1,1,2,6,6,9,13,,,
2100,,,,0,0,0,0,56490,27194,6759541,32500,0,0,0,0,0,0,
6875724,219810,220169,6875365,0,6875365,6863913
7,22,918,6,2024,722918,
100,0,,,0,,,,0,0,0,0,,,,,,,
210,0,,,0,,,,0,0,0,0,,,,,,,
220,0,,,0,,,,0,,0,,,,,,,,
310,1716019,,,1262376,,,,389114,0,3702,60827,0,,,,,,
320,0,,,0,,,,0,0,0,0,0,,,,,,
410,0,,,,,,,0,,,,,,,0,0,0,
420,0,,,,,,,0,,,,,,,0,0,0,
430,13514,,,,,,,0,,,,,,,13514,0,0,
510,29438055,,,488050,,,,813677,846281,27012701,277347,,,,,,,
520,0,,,0,,,,0,0,0,0,,,,,,,
600,12054,,,0,,,,0,3672,8382,0,,,,,,,
700,514101,,,0,,,,29598,,484503,,,,,,,,
800,31693744,,,1750426,,,,1232389,849953,27509288,338174,0,,,13514,0,0,
900,119881,1.0000,119881,0,,,,0,0,119881,0,,,,,,,
1000,13,0.5000,6,0,,,,0,0,6,0,,,,,,,
1110,0,0.2000,0,0,,,,0,0,0,0,,,,,,,
1120,0,0.5000,0,0,,,,0,0,0,0,,,,,,,
1200,0,1.0000,0,0,0,0,,0,0,0,0,,,,,0,0,
1310,1252435,0.2000,250487,0,,,,81,258,250142,5,,,,,,,
1320,4346491,0.5000,2173245,0,,,,1501,41056,2085879,44810,,,,,,,
1330,0,0.2000,0,0,,,,0,0,0,0,,,,,,,
1400,0,,188,0,,,0,188,0,0,0,,,,,0,0,
1500,0,,0,0,0,0,,0,0,0,0,,,,,,,
1600,,,0,0,,,,0,0,0,0,,0,0,0,,,
1700,0,1.0000,0,0,,,,0,0,0,0,,,,,0,0,
1800,,,,0,0,0,0,1771,41314,2455908,44815,,0,0,0,0,0,
1900,,,,1750426,0,0,0,1234159,891267,29965196,382989,0,0,0,13514,0,0,
2000,,,,0,0,0,0,0,1,1,2,6,6,9,13,,,
2100,,,,0,0,0,0,246832,445634,29965196,574484,0,0,0,168928,0,0,
31401072,1041863,1044740,31398196,0,31398196,31310350
7,25,31,6,2024,725031,
100,1584,,,250,,,,1334,0,0,0,,,,,,,
210,0,,,0,,,,0,0,0,0,,,,,,,
220,0,,,0,,,,0,,0,,,,,,,,
310,0,,,0,,,,0,0,0,0,0,,,,,,
320,0,,,0,,,,0,0,0,0,0,,,,,,
410,0,,,,,,,0,,,,,,,0,0,0,
420,0,,,,,,,0,,,,,,,0,0,0,
430,0,,,,,,,0,,,,,,,0,0,0,
510,394289,,,-2306,,,,47589,0,347924,1082,,,,,,,
520,0,,,0,,,,0,0,0,0,,,,,,,
600,0,,,0,,,,0,0,0,0,,,,,,,
700,11426,,,9992,,,,0,,1434,,,,,,,,
800,407299,,,7936,,,,48923,0,349358,1082,0,,,0,0,0,
900,0,1.0000,0,0,,,,0,0,0,0,,,,,,,
1000,0,0.5000,0,0,,,,0,0,0,0,,,,,,,
1110,0,0.2000,0,0,,,,0,0,0,0,,,,,,,
1120,0,0.5000,0,0,,,,0,0,0,0,,,,,,,
1200,0,1.0000,0,0,0,0,,0,0,0,0,,,,,0,0,
1310,72409,0.2000,14482,0,,,,469,0,14012,0,,,,,,,
1320,69753,0.5000,34877,0,,,,0,0,34877,0,,,,,,,
1330,0,0.2000,0,0,,,,0,0,0,0,,,,,,,
1400,0,,0,0,,,0,0,0,0,0,,,,,0,0,
1500,0,,0,0,0,0,,0,0,0,0,,,,,,,
1600,,,0,0,,,,0,0,0,0,,0,0,0,,,
1700,0,1.0000,0,0,,,,0,0,0,0,,,,,0,0,
1800,,,,0,0,0,0,469,0,48889,0,,0,0,0,0,0,
1900,,,,7936,0,0,0,49393,0,398246,1082,0,0,0,0,0,0,
2000,,,,0,0,0,0,0,1,1,2,6,6,9,13,,,
2100,,,,0,0,0,0,9879,0,398246,1623,0,0,0,0,0,0,
409748,8257,9991,408014,0,408014,407442
7,25,131,6,2024,725131,
100,4958,,,2062,,,,2896,0,0,0,,,,,,,
210,0,,,0,,,,0,0,0,0,,,,,,,
220,0,,,0,,,,0,,0,,,,,,,,
310,0,,,0,,,,0,0,0,0,0,,,,,,
320,0,,,0,,,,0,0,0,0,0,,,,,,
410,0,,,,,,,0,,,,,,,0,0,0,
420,0,,,,,,,0,,,,,,,0,0,0,
430,0,,,,,,,0,,,,,,,0,0,0,
510,2033888,,,0,,,,10604,3710,2004681,14892,,,,,,,
520,0,,,0,,,,0,0,0,0,,,,,,,
600,0,,,0,,,,0,0,0,0,,,,,,,
700,36033,,,0,,,,82,,35951,,,,,,,,
800,2074879,,,2062,,,,13581,3710,2040632,14892,0,,,0,0,0,
900,4862,1.0000,4862,0,,,,0,0,4861,1,,,,,,,
1000,28,0.5000,14,0,,,,0,0,14,0,,,,,,,
1110,0,0.2000,0,0,,,,0,0,0,0,,,,,,,
1120,4,0.5000,2,0,,,,0,0,2,0,,,,,,,
1200,0,1.0000,0,0,0,0,,0,0,0,0,,,,,0,0,
1310,27228,0.2000,5446,0,,,,0,0,5446,0,,,,,,,
1320,175700,0.5000,87850,0,,,,0,2453,85335,62,,,,,,,
1330,0,0.2000,0,0,,,,0,0,0,0,,,,,,,
1400,0,,0,0,,,0,0,0,0,0,,,,,0,0,
1500,0,,0,0,0,0,,0,0,0,0,,,,,,,
1600,,,0,0,,,,0,0,0,0,,0,0,0,,,
1700,0,1.0000,0,0,,,,0,0,0,0,,,,,0,0,
1800,,,,0,0,0,0,0,2453,95657,63,,0,0,0,0,0,
1900,,,,2062,0,0,0,13581,6164,2136289,14956,0,0,0,0,0,0,
2000,,,,0,0,0,0,0,1,1,2,6,6,9,13,,,
2100,,,,0,0,0,0,2716,3082,2136289,22433,0,0,0,0,0,0,
2164521,54014,54014,2164521,0,2164521,2160496
7,25,203,6,2024,725203,
100,14088,,,250,,,,13838,0,0,0,,,,,,,
210,0,,,0,,,,0,0,0,0,,,,,,,
220,0,,,0,,,,0,,0,,,,,,,,
310,0,,,0,,,,0,0,0,0,0,,,,,,
320,0,,,0,,,,0,0,0,0,0,,,,,,
410,0,,,,,,,0,,,,,,,0,0,0,
420,0,,,,,,,0,,,,,,,0,0,0,
430,0,,,,,,,0,,,,,,,0,0,0,
510,20767374,,,1480,,,,334170,43190,20046080,342454,,,,,,,
520,0,,,0,,,,0,0,0,0,,,,,,,
600,0,,,0,,,,0,0,0,0,,,,,,,
700,875868,,,599272,,,,-3056,,279652,,,,,,,,
800,21657331,,,601002,,,,344953,43190,20325732,342454,0,,,0,0,0,
900,106808,1.0000,106808,0,,,,0,0,106798,10,,,,,,,
1000,0,0.5000,0,0,,,,0,0,0,0,,,,,,,
1110,0,0.2000,0,0,,,,0,0,0,0,,,,,,,
1120,0,0.5000,0,0,,,,0,0,0,0,,,,,,,
1200,0,1.0000,0,0,0,0,,0,0,0,0,,,,,0,0,
1310,855069,0.2000,171014,0,,,,157,0,170315,542,,,,,,,
1320,5554012,0.5000,2777006,0,,,,6247,0,2765527,5232,,,,,,,
1330,0,0.2000,0,0,,,,0,0,0,0,,,,,,,
1400,0,,0,0,,,0,0,0,0,0,,,,,0,0,
1500,0,,0,0,0,0,,0,0,0,0,,,,,,,
1600,,,0,0,,,,0,0,0,0,,0,0,0,,,
1700,5253,1.0000,5253,0,,,,0,0,5253,0,,,,,0,0,
1800,,,,0,0,0,0,6404,0,3047892,5785,,0,0,0,0,0,
1900,,,,601002,0,0,0,351356,43190,23373624,348239,0,0,0,0,0,0,
2000,,,,0,0,0,0,0,1,1,2,6,6,9,13,,,
2100,,,,0,0,0,0,70271,21595,23373624,522358,0,0,0,0,0,0,
23987849,596751,641377,23943223,0,23943223,23970688
7,25,247,6,2024,725247,
100,989,,,989,,,,0,0,0,0,,,,,,,
210,0,,,0,,,,0,0,0,0,,,,,,,
220,0,,,0,,,,0,,0,,,,,,,,
310,31592,,,31592,,,,0,0,0,0,0,,,,,,
320,0,,,0,,,,0,0,0,0,0,,,,,,
410,0,,,,,,,0,,,,,,,0,0,0,
420,0,,,,,,,0,,,,,,,0,0,0,
430,0,,,,,,,0,,,,,,,0,0,0,
510,1401592,,,14273,,,,0,0,1378589,8730,,,,,,,
520,0,,,0,,,,0,0,0,0,,,,,,,
600,0,,,0,,,,0,0,0,0,,,,,,,
700,22029,,,0,,,,0,,22029,,,,,,,,
800,1456203,,,46855,,,,0,0,1400618,8730,0,,,0,0,0,
900,0,1.0000,0,0,,,,0,0,0,0,,,,,,,
1000,0,0.5000,0,0,,,,0,0,0,0,,,,,,,
1110,0,0.2000,0,0,,,,0,0,0,0,,,,,,,
1120,1127,0.5000,564,0,,,,0,0,564,0,,,,,,,
1200,0,1.0000,0,0,0,0,,0,0,0,0,,,,,0,0,
1310,85415,0.2000,17083,44,,,,0,0,16959,80,,,,,,,
1320,202878,0.5000,101439,115,,,,0,0,101221,103,,,,,,,
1330,0,0.2000,0,0,,,,0,0,0,0,,,,,,,
1400,0,,0,0,,,0,0,0,0,0,,,,,0,0,
1500,0,,0,0,0,0,,0,0,0,0,,,,,,,
1600,,,0,0,,,,0,0,0,0,,0,0,0,,,
1700,0,1.0000,0,0,,,,0,0,0,0,,,,,0,0,
1800,,,,159,0,0,0,0,0,118744,183,,0,0,0,0,0,
1900,,,,47013,0,0,0,0,0,1519362,8913,0,0,0,0,0,0,
2000,,,,0,0,0,0,0,1,1,2,6,6,9,13,,,
2100,,,,0,0,0,0,0,0,1519362,13370,0,0,0,0,0,0,
1532732,31592,31762,1532562,0,1532562,1530632
7,25,326,6,2024,725326,
100,11488,,,11488,,,,0,0,0,0,,,,,,,
210,0,,,0,,,,0,0,0,0,,,,,,,
220,301565,,,301565,,,,0,,0,,,,,,,,
310,0,,,0,,,,0,0,0,0,0,,,,,,
320,0,,,0,,,,0,0,0,0,0,,,,,,
410,0,,,,,,,0,,,,,,,0,0,0,
420,0,,,,,,,0,,,,,,,0,0,0,
430,0,,,,,,,0,,,,,,,0,0,0,
510,11940225,,,0,,,,337279,460279,11105292,37376,,,,,,,
520,0,,,0,,,,0,0,0,0,,,,,,,
600,0,,,0,,,,0,0,0,0,,,,,,,
700,82814,,,22175,,,,0,,60639,,,,,,,,
800,12336093,,,335229,,,,337279,460279,11165931,37376,0,,,0,0,0,
900,51041,1.0000,51041,0,,,,25,0,51016,0,,,,,,,
1000,0,0.5000,0,0,,,,0,0,0,0,,,,,,,
1110,13233,0.2000,2647,0,,,,0,0,2647,0,,,,,,,
1120,48879,0.5000,24440,0,,,,0,54,24186,199,,,,,,,
1200,0,1.0000,0,0,0,0,,0,0,0,0,,,,,0,0,
1310,2535423,0.2000,507085,0,,,,1891,1489,503555,149,,,,,,,
1320,1863586,0.5000,931793,0,,,,145,13701,917929,17,,,,,,,
1330,0,0.2000,0,0,,,,0,0,0,0,,,,,,,
1400,0,,0,0,,,0,3440,0,0,0,,,,,0,0,
1500,0,,0,0,0,0,,0,0,0,0,,,,,,,
1600,,,0,0,,,,0,0,0,0,,0,0,0,,,
1700,0,1.0000,0,0,,,,0,0,0,0,,,,,0,0,
1800,,,,0,0,0,0,5502,15245,1499333,365,,0,0,0,0,0,
1900,,,,335229,0,0,0,342781,475524,12665264,37741,0,0,0,0,0,0,
2000,,,,0,0,0,0,0,1,1,2,6,6,9,13,,,
2100,,,,0,0,0,0,68556,237762,12665264,56611,0,0,0,0,0,0,
13028193,274767,274767,13028193,0,13028193,12928095
7,25,355,6,2024,725355,
100,26481,,,15176,,,,11306,0,0,0,,,,,,,
210,0,,,0,,,,0,0,0,0,,,,,,,
220,0,,,0,,,,0,,0,,,,,,,,
310,0,,,0,,,,0,0,0,0,0,,,,,,
320,1786067,,,1786067,,,,0,0,0,0,0,,,,,,
410,0,,,,,,,0,,,,,,,0,0,0,
420,0,,,,,,,0,,,,,,,0,0,0,
430,0,,,,,,,0,,,,,,,0,0,0,
510,29801359,,,32327,,,,193248,428041,28996833,150909,,,,,,,
520,0,,,0,,,,0,0,0,0,,,,,,,
600,0,,,0,,,,0,0,0,0,,,,,,,
700,669838,,,368708,,,,1076,,300053,,,,,,,,
800,32283744,,,2202277,,,,205630,428041,29296887,150909,0,,,0,0,0,
900,151660,1.0000,151660,0,,,,0,375,151285,0,,,,,,,
1000,19758,0.5000,9879,0,,,,0,0,9879,0,,,,,,,
1110,0,0.2000,0,0,,,,0,0,0,0,,,,,,,
1120,674,0.5000,337,0,,,,0,0,337,0,,,,,,,
1200,0,1.0000,0,0,0,0,,0,0,0,0,,,,,0,0,
1310,4800582,0.2000,960116,0,,,,2011,2619,955430,56,,,,,,,
1320,4997489,0.5000,2498745,0,,,,1206,38736,2458777,25,,,,,,,
1330,0,0.2000,0,0,,,,0,0,0,0,,,,,,,
1400,0,,0,0,,,0,0,0,0,0,,,,,0,0,
1500,0,,0,0,0,0,,0,0,0,0,,,,,,,
1600,,,0,0,,,,0,0,0,0,,0,0,0,,,
1700,0,1.0000,0,0,,,,0,0,0,0,,,,,0,0,
1800,,,,0,0,0,0,3218,41730,3575709,81,,0,0,0,0,0,
1900,,,,2202277,0,0,0,208848,469771,32872596,150990,0,0,0,0,0,0,
2000,,,,0,0,0,0,0,1,1,2,6,6,9,13,,,
2100,,,,0,0,0,0,41770,234886,32872596,226485,0,0,0,0,0,0,
33375736,769069,769069,33375736,0,33375736,33229515
7,25,429,6,2024,725429,
100,8235,,,8235,,,,0,0,0,0,,,,,,,
210,0,,,0,,,,0,0,0,0,,,,,,,
220,0,,,0,,,,0,,0,,,,,,,,
310,0,,,0,,,,0,0,0,0,0,,,,,,
320,0,,,0,,,,0,0,0,0,0,,,,,,
410,0,,,,,,,0,,,,,,,0,0,0,
420,0,,,,,,,0,,,,,,,0,0,0,
430,0,,,,,,,0,,,,,,,0,0,0,
510,1875088,,,0,,,,20446,1006,1851209,2426,,,,,,,
520,0,,,0,,,,0,0,0,0,,,,,,,
600,0,,,0,,,,0,0,0,0,,,,,,,
700,29485,,,0,,,,6950,,22534,,,,,,,,
800,1912808,,,8235,,,,27396,1006,1873744,2426,0,,,0,0,0,
900,4729,1.0000,4729,0,,,,0,0,4729,0,,,,,,,
1000,317,0.5000,159,0,,,,0,0,159,0,,,,,,,
1110,13,0.2000,3,0,,,,0,0,3,0,,,,,,,
1120,4991,0.5000,2495,0,,,,0,0,2495,0,,,,,,,
1200,0,1.0000,0,0,0,0,,0,0,0,0,,,,,0,0,
1310,230811,0.2000,46162,0,,,,0,0,46162,0,,,,,,,
1320,317402,0.5000,158701,0,,,,0,0,158701,0,,,,,,,
1330,0,0.2000,0,0,,,,0,0,0,0,,,,,,,
1400,0,,0,0,,,0,0,0,0,0,,,,,0,0,
1500,0,,0,0,0,0,,0,0,0,0,,,,,,,
1600,,,0,0,,,,0,0,0,0,,0,0,0,,,
1700,0,1.0000,0,0,,,,0,0,0,0,,,,,0,0,
1800,,,,0,0,0,0,0,0,212248,0,,0,0,0,0,0,
1900,,,,8235,0,0,0,27396,1006,2085992,2426,0,0,0,0,0,0,
2000,,,,0,0,0,0,0,1,1,2,6,6,9,13,,,
2100,,,,0,0,0,0,5479,503,2085992,3639,0,0,0,0,0,0,
2095614,53194,53194,2095614,0,2095614,2094396
7,25,450,6,2024,725450,
100,1092,,,0,,,,1092,0,0,0,,,,,,,
210,0,,,0,,,,0,0,0,0,,,,,,,
220,0,,,0,,,,0,,0,,,,,,,,
310,1897,,,0,,,,1897,0,0,0,0,,,,,,
320,0,,,0,,,,0,0,0,0,0,,,,,,
410,0,,,,,,,0,,,,,,,0,0,0,
420,0,,,,,,,0,,,,,,,0,0,0,
430,0,,,,,,,0,,,,,,,0,0,0,
510,4547999,,,0,,,,485770,1526,4007904,52798,,,,,,,
520,0,,,0,,,,0,0,0,0,,,,,,,
600,0,,,0,,,,0,0,0,0,,,,,,,
700,25537,,,0,,,,0,,25537,,,,,,,,
800,4576524,,,0,,,,488758,1526,4033441,52798,0,,,0,0,0,
900,0,1.0000,0,0,,,,0,0,0,0,,,,,,,
1000,0,0.5000,0,0,,,,0,0,0,0,,,,,,,
1110,0,0.2000,0,0,,,,0,0,0,0,,,,,,,
1120,0,0.5000,0,0,,,,0,0,0,0,,,,,,,
1200,0,1.0000,0,0,0,0,,0,0,0,0,,,,,0,0,
1310,126048,0.2000,25210,0,,,,118,0,25092,0,,,,,,,
1320,1263278,0.5000,631639,0,,,,30752,0,600711,176,,,,,,,
1330,0,0.2000,0,0,,,,0,0,0,0,,,,,,,
1400,0,,0,0,,,0,0,0,0,0,,,,,0,0,
1500,0,,0,0,0,0,,0,0,0,0,,,,,,,
1600,,,0,0,,,,0,0,0,0,,0,0,0,,,
1700,0,1.0000,0,0,,,,0,0,0,0,,,,,0,0,
1800,,,,0,0,0,0,30870,0,625802,176,,0,0,0,0,0,
1900,,,,0,0,0,0,519628,1526,4659243,52975,0,0,0,0,0,0,
2000,,,,0,0,0,0,0,1,1,2,6,6,9,13,,,
2100,,,,0,0,0,0,103926,763,4659243,79462,0,0,0,0,0,0,
4843394,114921,114921,4843394,0,4843394,4837742
7,25,466,6,2024,725466,
100,1047,,,1047,,,,0,0,0,0,,,,,,,
210,0,,,0,,,,0,0,0,0,,,,,,,
220,0,,,0,,,,0,,0,,,,,,,,
310,0,,,0,,,,0,0,0,0,0,,,,,,
320,0,,,0,,,,0,0,0,0,0,,,,,,
410,0,,,,,,,0,,,,,,,0,0,0,
420,0,,,,,,,0,,,,,,,0,0,0,
430,0,,,,,,,0,,,,,,,0,0,0,
510,739431,,,0,,,,1170,-4,727820,10445,,,,,,,
520,0,,,0,,,,0,0,0,0,,,,,,,
600,0,,,0,,,,0,0,0,0,,,,,,,
700,7766,,,0,,,,714,,7052,,,,,,,,
800,748245,,,1047,,,,1884,-4,734873,10445,0,,,0,0,0,
900,594,1.0000,594,0,,,,0,0,594,0,,,,,,,
1000,13,0.5000,6,0,,,,0,0,6,0,,,,,,,
1110,0,0.2000,0,0,,,,0,0,0,0,,,,,,,
1120,0,0.5000,0,0,,,,0,0,0,0,,,,,,,
1200,0,1.0000,0,0,0,0,,0,0,0,0,,,,,0,0,
1310,69429,0.2000,13886,0,,,,0,0,13886,0,,,,,,,
1320,224303,0.5000,112151,0,,,,0,1636,110454,62,,,,,,,
1330,0,0.2000,0,0,,,,0,0,0,0,,,,,,,
1400,0,,0,0,,,0,0,0,0,0,,,,,0,0,
1500,0,,0,0,0,0,,0,0,0,0,,,,,,,
1600,,,0,0,,,,0,0,0,0,,0,0,0,,,
1700,0,1.0000,0,0,,,,0,0,0,0,,,,,0,0,
1800,,,,0,0,0,0,0,1636,124939,62,,0,0,0,0,0,
1900,,,,1047,0,0,0,1884,1632,859812,10507,0,0,0,0,0,0,
2000,,,,0,0,0,0,0,1,1,2,6,6,9,13,,,
2100,,,,0,0,0,0,377,816,859812,15760,0,0,0,0,0,0,
876765,16062,16062,876765,0,876765,874277
7,25,488,6,2024,725488,
100,1627,,,1627,,,,0,0,0,0,,,,,,,
210,0,,,0,,,,0,0,0,0,,,,,,,
220,0,,,0,,,,0,,0,,,,,,,,
310,0,,,0,,,,0,0,0,0,0,,,,,,
320,0,,,0,,,,0,0,0,0,0,,,,,,
410,0,,,,,,,0,,,,,,,0,0,0,
420,0,,,,,,,0,,,,,,,0,0,0,
430,0,,,,,,,0,,,,,,,0,0,0,
510,1016623,,,0,,,,15036,6274,993617,1697,,,,,,,
520,0,,,0,,,,0,0,0,0,,,,,,,
600,0,,,0,,,,0,0,0,0,,,,,,,
700,6666,,,0,,,,2,,6664,,,,,,,,
800,1024916,,,1627,,,,15038,6274,1000281,1697,0,,,0,0,0,
900,3349,1.0000,3349,0,,,,0,0,3345,4,,,,,,,
1000,37,0.5000,19,0,,,,0,0,19,0,,,,,,,
1110,88,0.2000,18,0,,,,0,0,18,0,,,,,,,
1120,0,0.5000,0,0,,,,0,0,0,0,,,,,,,
1200,0,1.0000,0,0,0,0,,0,0,0,0,,,,,0,0,
1310,97428,0.2000,19486,0,,,,0,0,19486,0,,,,,,,
1320,209989,0.5000,104994,0,,,,295,0,104681,18,,,,,,,
1330,0,0.2000,0,0,,,,0,0,0,0,,,,,,,
1400,0,,0,0,,,0,0,0,0,0,,,,,0,0,
1500,0,,0,0,0,0,,0,0,0,0,,,,,,,
1600,,,0,0,,,,0,0,0,0,,0,0,0,,,
1700,0,1.0000,0,0,,,,0,0,0,0,,,,,0,0,
1800,,,,0,0,0,0,295,0,127547,23,,0,0,0,0,0,
1900,,,,1627,0,0,0,15333,6274,1127829,1719,0,0,0,0,0,0,
2000,,,,0,0,0,0,0,1,1,2,6,6,9,13,,,
2100,,,,0,0,0,0,3067,3137,1127829,2579,0,0,0,0,0,0,
1136611,24985,24985,1136611,0,1136611,1135100
7,25,629,6,2024,725629,
100,3974,,,3686,,,,288,0,0,0,,,,,,,
210,0,,,0,,,,0,0,0,0,,,,,,,
220,0,,,0,,,,0,,0,,,,,,,,
310,0,,,0,,,,0,0,0,0,0,,,,,,
320,0,,,0,,,,0,0,0,0,0,,,,,,
410,0,,,,,,,0,,,,,,,0,0,0,
420,0,,,,,,,0,,,,,,,0,0,0,
430,0,,,,,,,0,,,,,,,0,0,0,
510,1871569,,,0,,,,162499,18624,1682954,7492,,,,,,,
520,0,,,0,,,,0,0,0,0,,,,,,,
600,0,,,0,,,,0,0,0,0,,,,,,,
700,23386,,,0,,,,5,,23381,,,,,,,,
800,1898929,,,3686,,,,162792,18624,1706335,7492,0,,,0,0,0,
900,4249,1.0000,4249,0,,,,50,0,4199,0,,,,,,,
1000,16,0.5000,8,0,,,,0,0,8,0,,,,,,,
1110,0,0.2000,0,0,,,,0,0,0,0,,,,,,,
1120,0,0.5000,0,0,,,,0,0,0,0,,,,,,,
1200,0,1.0000,0,0,0,0,,0,0,0,0,,,,,0,0,
1310,22503,0.2000,4501,0,,,,0,0,4501,0,,,,,,,
1320,97190,0.5000,48595,0,,,,0,0,48595,0,,,,,,,
1330,0,0.2000,0,0,,,,0,0,0,0,,,,,,,
1400,0,,0,0,,,0,0,0,0,0,,,,,0,0,
1500,0,,0,0,0,0,,0,0,0,0,,,,,,,
1600,,,0,0,,,,0,0,0,0,,0,0,0,,,
1700,0,1.0000,0,0,,,,0,0,0,0,,,,,0,0,
1800,,,,0,0,0,0,50,0,57303,0,,0,0,0,0,0,
1900,,,,3686,0,0,0,162842,18624,1763637,7492,0,0,0,0,0,0,
2000,,,,0,0,0,0,0,1,1,2,6,6,9,13,,,
2100,,,,0,0,0,0,32568,9312,1763637,11239,0,0,0,0,0,0,
1816756,46764,46764,1816756,0,1816756,1813970
7,25,676,6,2024,725676,
100,2193,,,2193,,,,0,0,0,0,,,,,,,
210,0,,,0,,,,0,0,0,0,,,,,,,
220,0,,,0,,,,0,,0,,,,,,,,
310,0,,,0,,,,0,0,0,0,0,,,,,,
320,0,,,0,,,,0,0,0,0,0,,,,,,
410,0,,,,,,,0,,,,,,,0,0,0,
420,0,,,,,,,0,,,,,,,0,0,0,
430,0,,,,,,,0,,,,,,,0,0,0,
510,1564501,,,873,,,,11502,9160,1538503,7463,,,,,,,
520,0,,,0,,,,0,0,0,0,,,,,,,
600,0,,,0,,,,0,0,0,0,,,,,,,
700,61785,,,39839,,,,0,,21946,,,,,,,,
800,1628478,,,42904,,,,11502,9160,1560450,7463,0,,,0,0,0,
900,426,1.0000,426,0,,,,0,,426,0,,,,,,,
1000,8,0.5000,4,0,,,,0,,4,0,,,,,,,
1110,258,0.2000,52,0,,,,0,,52,0,,,,,,,
1120,0,0.5000,0,0,,,,0,0,0,0,,,,,,,
1200,0,1.0000,0,0,0,0,,0,0,0,0,,,,,0,0,
1310,89696,0.2000,17939,0,,,,0,,17939,0,,,,,,,
1320,479923,0.5000,239962,0,,,,9336,3625,227002,0,,,,,,,
1330,0,0.2000,0,0,,,,0,0,0,0,,,,,,,
1400,0,,0,0,,,0,0,0,0,0,,,,,0,0,
1500,0,,0,0,0,0,,0,0,0,0,,,,,,,
1600,,,0,0,,,,0,0,0,0,,0,0,0,,,
1700,0,1.0000,0,0,,,,0,0,0,0,,,,,0,0,
1800,,,,0,0,0,0,9336,3625,245423,0,,0,0,0,0,0,
1900,,,,42904,0,0,0,20837,12784,1805872,7463,0,0,0,0,0,0,
2000,,,,0,0,0,0,0,1,1,2,6,6,9,13,,,
2100,,,,0,0,0,0,4167,6392,1805872,11195,0,0,0,0,0,0,
1827627,42920,42920,1827627,0,1827627,1824545
7,25,715,6,2024,725715,
100,1048,,,1048,,,,0,0,0,0,,,,,,,
210,0,,,0,,,,0,0,0,0,,,,,,,
220,0,,,0,,,,0,,0,,,,,,,,
310,0,,,0,,,,0,0,0,0,0,,,,,,
320,0,,,0,,,,0,0,0,0,0,,,,,,
410,0,,,,,,,0,,,,,,,0,0,0,
420,0,,,,,,,0,,,,,,,0,0,0,
430,0,,,,,,,0,,,,,,,0,0,0,
510,498308,,,0,,,,9061,18,489226,3,,,,,,,
520,0,,,0,,,,0,0,0,0,,,,,,,
600,0,,,0,,,,0,0,0,0,,,,,,,
700,6342,,,0,,,,44,,6298,,,,,,,,
800,505699,,,1048,,,,9105,18,495525,3,0,,,0,0,0,
900,387,1.0000,387,0,,,,0,0,387,0,,,,,,,
1000,72,0.5000,36,0,,,,0,0,36,0,,,,,,,
1110,0,0.2000,0,0,,,,0,0,0,0,,,,,,,
1120,0,0.5000,0,0,,,,0,0,0,0,,,,,,,
1200,0,1.0000,0,0,0,0,,0,0,0,0,,,,,0,0,
1310,15172,0.2000,3034,0,,,,0,0,3034,0,,,,,,,
1320,50992,0.5000,25496,0,,,,0,0,25496,0,,,,,,,
1330,0,0.2000,0,0,,,,0,0,0,0,,,,,,,
1400,0,,0,0,,,0,0,0,0,0,,,,,0,0,
1500,0,,0,0,0,0,,0,0,0,0,,,,,,,
1600,,,0,0,,,,0,0,0,0,,0,0,0,,,
1700,0,1.0000,0,0,,,,0,0,0,0,,,,,0,0,
1800,,,,0,0,0,0,0,0,28954,0,,0,0,0,0,0,
1900,,,,1048,0,0,0,9105,18,524479,3,0,0,0,0,0,0,
2000,,,,0,0,0,0,0,1,1,2,6,6,9,13,,,
2100,,,,0,0,0,0,1821,9,524479,5,0,0,0,0,0,0,
526313,11052,11052,526313,0,526313,525125
7,25,818,6,2024,725818,
100,1503,,,1503,,,,0,0,0,0,,,,,,,
210,0,,,0,,,,0,0,0,0,,,,,,,
220,0,,,0,,,,0,,0,,,,,,,,
310,0,,,0,,,,0,0,0,0,0,,,,,,
320,0,,,0,,,,0,0,0,0,0,,,,,,
410,0,,,,,,,0,,,,,,,0,0,0,
420,0,,,,,,,0,,,,,,,0,0,0,
430,0,,,,,,,0,,,,,,,0,0,0,
510,2453475,,,0,,,,128350,1143,2313170,10812,,,,,,,
520,0,,,0,,,,0,0,0,0,,,,,,,
600,0,,,0,,,,0,0,0,0,,,,,,,
700,28109,,,0,,,,3988,,24121,,,,,,,,
800,2483088,,,1503,,,,132338,1143,2337292,10812,0,,,0,0,0,
900,1765,1.0000,1765,0,,,,0,0,1765,0,,,,,,,
1000,3050,0.5000,1525,0,,,,0,0,1525,0,,,,,,,
1110,0,0.2000,0,0,,,,0,0,0,0,,,,,,,
1120,0,0.5000,0,0,,,,0,0,0,0,,,,,,,
1200,0,1.0000,0,0,0,0,,0,0,0,0,,,,,0,0,
1310,133218,0.2000,26644,0,,,,0,0,26644,0,,,,,,,
1320,483781,0.5000,241890,0,,,,1148,450,240293,0,,,,,,,
1330,0,0.2000,0,0,,,,0,0,0,0,,,,,,,
1400,0,,0,0,,,0,0,0,0,0,,,,,0,0,
1500,0,,0,0,0,0,,0,0,0,0,,,,,,,
1600,,,0,0,,,,0,0,0,0,,0,0,0,,,
1700,0,1.0000,0,0,,,,0,0,0,0,,,,,0,0,
1800,,,,0,0,0,0,1148,450,270227,0,,0,0,0,0,0,
1900,,,,1503,0,0,0,133486,1593,2607518,10812,0,0,0,0,0,0,
2000,,,,0,0,0,0,0,1,1,2,6,6,9,13,,,
2100,,,,0,0,0,0,26697,796,2607518,16217,0,0,0,0,0,0,
2651229,64552,64552,2651229,0,2651229,2643922
7,25,839,6,2024,725839,
100,0,,,0,,,,0,0,0,0,,,,,,,
210,0,,,0,,,,0,0,0,0,,,,,,,
220,0,,,0,,,,0,,0,,,,,,,,
310,0,,,0,,,,0,0,0,0,0,,,,,,
320,0,,,0,,,,0,0,0,0,0,,,,,,
410,0,,,,,,,0,,,,,,,0,0,0,
420,0,,,,,,,0,,,,,,,0,0,0,
430,0,,,,,,,0,,,,,,,0,0,0,
510,2985456,,,81,,,,1001,8959,2943459,31956,,,,,,,
520,0,,,0,,,,0,0,0,0,,,,,,,
600,0,,,0,,,,0,0,0,0,,,,,,,
700,128166,,,80215,,,,249,,47703,,,,,,,,
800,3113622,,,80296,,,,1249,8959,2991162,31956,0,,,0,0,0,
900,7849,1.0000,7849,0,,,,0,0,7849,0,,,,,,,
1000,0,0.5000,0,0,,,,0,0,0,0,,,,,,,
1110,0,0.2000,0,0,,,,0,0,0,0,,,,,,,
1120,0,0.5000,0,0,,,,0,0,0,0,,,,,,,
1200,0,1.0000,0,0,0,0,,0,0,0,0,,,,,0,0,
1310,243873,0.2000,48775,0,,,,0,0,48775,0,,,,,,,
1320,744408,0.5000,372204,0,,,,0,0,372204,0,,,,,,,
1330,0,0.2000,0,0,,,,0,0,0,0,,,,,,,
1400,0,,0,0,,,0,0,0,0,0,,,,,0,0,
1500,0,,0,0,0,0,,0,0,0,0,,,,,,,
1600,,,0,0,,,,0,0,0,0,,0,0,0,,,
1700,315,1.0000,315,0,,,,0,0,315,0,,,,,0,0,
1800,,,,0,0,0,0,0,0,429143,0,,0,0,0,0,0,
1900,,,,80296,0,0,0,1249,8959,3420305,31956,0,0,0,0,0,0,
2000,,,,0,0,0,0,0,1,1,2,6,6,9,13,,,
2100,,,,0,0,0,0,250,4479,3420305,47935,0,0,0,0,0,0,
3472968,72352,72352,3472968,0,3472968,3464310
7,25,940,6,2024,725940,
100,1847,,,1847,,,,0,0,0,0,,,,,,,
210,0,,,0,,,,0,0,0,0,,,,,,,
220,0,,,0,,,,0,,0,,,,,,,,
310,0,,,0,,,,0,0,0,0,0,,,,,,
320,0,,,0,,,,0,0,0,0,0,,,,,,
410,0,,,,,,,0,,,,,,,0,0,0,
420,0,,,,,,,0,,,,,,,0,0,0,
430,0,,,,,,,0,,,,,,,0,0,0,
510,1573456,,,0,,,,17456,4782,1543459,7760,,,,,,,
520,0,,,0,,,,0,0,0,0,,,,,,,
600,0,,,0,,,,0,0,0,0,,,,,,,
700,22695,,,0,,,,14,,22681,,,,,,,,
800,1597999,,,1847,,,,17470,4782,1566140,7760,0,,,0,0,0,
900,4549,1.0000,4549,0,,,,0,0,4549,0,,,,,,,
1000,12,0.5000,6,0,,,,0,0,6,0,,,,,,,
1110,88,0.2000,18,0,,,,0,0,18,0,,,,,,,
1120,3,0.5000,2,0,,,,0,0,2,0,,,,,,,
1200,0,1.0000,0,0,0,0,,0,0,0,0,,,,,0,0,
1310,10989,0.2000,2198,0,,,,0,0,2198,0,,,,,,,
1320,173338,0.5000,86669,0,,,,0,716,85954,0,,,,,,,
1330,0,0.2000,0,0,,,,0,0,0,0,,,,,,,
1400,0,,0,0,,,0,0,0,0,0,,,,,0,0,
1500,0,,0,0,0,0,,0,0,0,0,,,,,,,
1600,,,0,0,,,,0,0,0,0,,0,0,0,,,
1700,0,1.0000,0,0,,,,0,0,0,0,,,,,0,0,
1800,,,,0,0,0,0,0,716,92726,0,,0,0,0,0,0,
1900,,,,1847,0,0,0,17470,5498,1658866,7760,0,0,0,0,0,0,
2000,,,,0,0,0,0,0,1,1,2,6,6,9,13,,,
2100,,,,0,0,0,0,3494,2749,1658866,11639,0,0,0,0,0,0,
1676748,40041,40041,1676748,0,1676748,1673980
8,10,586,6,2024,810586,
100,11,,,11,,,,0,0,0,0,,,,,,,
210,0,,,0,,,,0,0,0,0,,,,,,,
220,0,,,0,,,,0,,0,,,,,,,,
310,0,,,0,,,,0,0,0,0,0,,,,,,
320,0,,,0,,,,0,0,0,0,0,,,,,,
410,0,,,,,,,0,,,,,,,0,0,0,
420,0,,,,,,,0,,,,,,,0,0,0,
430,0,,,,,,,0,,,,,,,0,0,0,
510,1078086,,,0,,,,0,47997,1026113,3976,,,,,,,
520,0,,,0,,,,0,0,0,0,,,,,,,
600,0,,,0,,,,0,0,0,0,,,,,,,
700,3404,,,0,,,,0,,3404,,,,,,,,
800,1081502,,,11,,,,0,47997,1029517,3976,0,,,0,0,0,
900,171,1.0000,171,0,,,,0,0,171,0,,,,,,,
1000,27,0.5000,13,0,,,,0,0,13,0,,,,,,,
1110,0,0.2000,0,0,,,,0,0,0,0,,,,,,,
1120,644,0.5000,322,0,,,,0,0,322,0,,,,,,,
1200,0,1.0000,0,0,0,0,,0,0,0,0,,,,,0,0,
1310,4651,0.2000,930,0,,,,0,22,909,0,,,,,,,
1320,56953,0.5000,28477,0,,,,0,18,28458,0,,,,,,,
1330,0,0.2000,0,0,,,,0,0,0,0,,,,,,,
1400,0,,0,0,,,0,0,0,0,0,,,,,0,0,
1500,0,,0,0,0,0,,0,0,0,0,,,,,,,
1600,,,0,0,,,,0,0,0,0,,0,0,0,,,
1700,0,1.0000,0,0,,,,0,0,0,0,,,,,0,0,
1800,,,,0,0,0,0,0,40,29873,0,,0,0,0,0,0,
1900,,,,11,0,0,0,0,48037,1059391,3976,0,0,0,0,0,0,
2000,,,,0,0,0,0,0,1,1,2,6,6,9,13,,,
2100,,,,0,0,0,0,0,24019,1059391,5964,0,0,0,0,0,0,
1089373,20139,20139,1089373,0,1089373,1086877
9,25,0,6,2024,925000,
100,188038,,,15594,,,,172444,0,0,0,,,,,,,
210,1923,,,0,,,,1923,0,0,0,,,,,,,
220,1375424,,,0,,,,0,,0,,,,,,,,
310,0,,,0,,,,0,0,0,0,0,,,,,,
320,40512713,,,17064381,,,,22959572,0,481966,6794,0,,,,,,
410,0,,,,,,,0,,,,,,,0,0,0,
420,70766,,,,,,,0,,,,,,,0,0,71362,
430,120,,,,,,,0,,,,,,,0,0,0,
510,72226907,,,1990782,,,,1502442,14953396,52440545,1275473,,,,,,,
520,78523772,,,1557,,,,78408153,0,114062,0,,,,,,,
600,0,,,0,,,,0,0,0,0,,,,,,,
700,-987939,,,-1827972,,,,89967,,750066,,,,,,,,
800,191911726,,,17244342,,,,103134502,14953396,53786640,1282267,0,,,0,0,71362,
900,1883058,1.0000,1883058,7688,,,,7346,251036,1616987,0,,,,,,,
1000,257305,0.5000,128653,0,,,,0,33921,94732,0,,,,,,,
1110,7888,0.2000,1578,0,,,,0,0,1578,0,,,,,,,
1120,11746,0.5000,5873,0,,,,0,0,5873,0,,,,,,,
1200,7776,1.0000,7776,7709,0,0,,67,0,0,0,,,,,0,0,
1310,21300218,0.2000,4260044,0,,,,0,504273,3754841,342,,,,,,,
1320,20421820,0.5000,10210910,0,,,,0,2358454,7844450,5368,,,,,,,
1330,11747454,0.2000,2349491,0,,,,2349491,0,0,0,,,,,,,
1400,0,,601047,342814,,,0,162066,0,83404,12764,,,,,0,0,
1500,0,,323637,219860,103776,0,,0,0,0,0,,,,,,,
1600,,,0,0,,,,0,0,0,0,,0,0,0,,,
1700,0,1.0000,0,0,,,,0,0,0,0,,,,,0,0,
1800,,,,578070,103776,0,0,2518970,3147685,13401865,18474,,0,0,0,0,0,
1900,,,,17822412,103776,0,0,105653472,18101082,67188505,1300742,0,0,0,0,0,71362,
2000,,,,0,0,0,0,0,1,1,2,6,6,9,13,,,
2100,,,,0,2076,0,0,21130694,9050541,67188505,1951112,0,0,0,0,0,71362,
99394290,-79572,-70365,99385083,0,99385083,98706037
20,0,2,6,2024,2000002,
100,0,,,0,,,,0,0,0,0,,,,,,,
210,0,,,0,,,,0,0,0,0,,,,,,,
220,0,,,0,,,,0,,0,,,,,,,,
310,0,,,0,,,,0,0,0,0,0,,,,,,
320,0,,,0,,,,0,0,0,0,0,,,,,,
410,0,,,,,,,0,,,,,,,0,0,0,
420,0,,,,,,,0,,,,,,,0,0,0,
430,0,,,,,,,0,,,,,,,0,0,0,
510,0,,,0,,,,0,0,0,0,,,,,,,
520,0,,,0,,,,0,0,0,0,,,,,,,
600,0,,,0,,,,0,0,0,0,,,,,,,
700,0,,,0,,,,0,,0,,,,,,,,
800,0,,,0,,,,0,0,0,0,0,,,0,0,0,
900,0,,0,0,,,,0,0,0,0,,,,,,,
1000,0,,0,0,,,,0,0,0,0,,,,,,,
1110,0,,0,0,,,,0,0,0,0,,,,,,,
1120,0,,0,0,,,,0,0,0,0,,,,,,,
1200,0,,0,0,0,0,,0,0,0,0,,,,,0,0,
1310,0,,0,0,,,,0,0,0,0,,,,,,,
1320,0,,0,0,,,,0,0,0,0,,,,,,,
1330,0,,0,0,,,,0,0,0,0,,,,,,,
1400,0,,0,0,,,0,0,0,0,0,,,,,0,0,
1500,0,,0,0,0,0,,0,0,0,0,,,,,,,
1600,,,0,0,,,,0,0,0,0,,0,0,0,,,
1700,0,,0,0,,,,0,0,0,0,,,,,0,0,
1800,,,,0,0,0,0,0,0,0,0,,0,0,0,0,0,
1900,,,,0,0,0,0,0,0,0,0,0,0,0,0,0,0,
2100,,,,0,0,0,0,0,0,0,0,0,0,0,0,0,0,
0,0,0,0,0,0,0
20,0,11,6,2024,2000011,
100,0,,,0,,,,0,0,0,0,,,,,,,
210,0,,,0,,,,0,0,0,0,,,,,,,
220,0,,,0,,,,0,,0,,,,,,,,
310,0,,,0,,,,0,0,0,0,0,,,,,,
320,0,,,0,,,,0,0,0,0,0,,,,,,
410,0,,,,,,,0,,,,,,,0,0,0,
420,0,,,,,,,0,,,,,,,0,0,0,
430,0,,,,,,,0,,,,,,,0,0,0,
510,0,,,0,,,,0,0,0,0,,,,,,,
520,0,,,0,,,,0,0,0,0,,,,,,,
600,0,,,0,,,,0,0,0,0,,,,,,,
700,0,,,0,,,,0,,0,,,,,,,,
800,0,,,0,,,,0,0,0,0,0,,,0,0,0,
900,0,,0,0,,,,0,0,0,0,,,,,,,
1000,0,,0,0,,,,0,0,0,0,,,,,,,
1110,0,,0,0,,,,0,0,0,0,,,,,,,
1120,0,,0,0,,,,0,0,0,0,,,,,,,
1200,0,,0,0,0,0,,0,0,0,0,,,,,0,0,
1310,0,,0,0,,,,0,0,0,0,,,,,,,
1320,0,,0,0,,,,0,0,0,0,,,,,,,
1330,0,,0,0,,,,0,0,0,0,,,,,,,
1400,0,,0,0,,,0,0,0,0,0,,,,,0,0,
1500,0,,0,0,0,0,,0,0,0,0,,,,,,,
1600,,,0,0,,,,0,0,0,0,,0,0,0,,,
1700,0,,0,0,,,,0,0,0,0,,,,,0,0,
1800,,,,0,0,0,0,0,0,0,0,,0,0,0,0,0,
1900,,,,0,0,0,0,0,0,0,0,0,0,0,0,0,0,
2100,,,,0,0,0,0,0,0,0,0,0,0,0,0,0,0,
0,0,0,0,0,0,0
20,0,12,6,2024,2000012,
100,0,,,0,,,,0,0,0,0,,,,,,,
210,0,,,0,,,,0,0,0,0,,,,,,,
220,0,,,0,,,,0,,0,,,,,,,,
310,0,,,0,,,,0,0,0,0,0,,,,,,
320,0,,,0,,,,0,0,0,0,0,,,,,,
410,0,,,,,,,0,,,,,,,0,0,0,
420,0,,,,,,,0,,,,,,,0,0,0,
430,0,,,,,,,0,,,,,,,0,0,0,
510,0,,,0,,,,0,0,0,0,,,,,,,
520,0,,,0,,,,0,0,0,0,,,,,,,
600,0,,,0,,,,0,0,0,0,,,,,,,
700,0,,,0,,,,0,,0,,,,,,,,
800,0,,,0,,,,0,0,0,0,0,,,0,0,0,
900,0,,0,0,,,,0,0,0,0,,,,,,,
1000,0,,0,0,,,,0,0,0,0,,,,,,,
1110,0,,0,0,,,,0,0,0,0,,,,,,,
1120,0,,0,0,,,,0,0,0,0,,,,,,,
1200,0,,0,0,0,0,,0,0,0,0,,,,,0,0,
1310,0,,0,0,,,,0,0,0,0,,,,,,,
1320,0,,0,0,,,,0,0,0,0,,,,,,,
1330,0,,0,0,,,,0,0,0,0,,,,,,,
1400,0,,0,0,,,0,0,0,0,0,,,,,0,0,
1500,0,,0,0,0,0,,0,0,0,0,,,,,,,
1600,,,0,0,,,,0,0,0,0,,0,0,0,,,
1700,0,,0,0,,,,0,0,0,0,,,,,0,0,
1800,,,,0,0,0,0,0,0,0,0,,0,0,0,0,0,
1900,,,,0,0,0,0,0,0,0,0,0,0,0,0,0,0,
2100,,,,0,0,0,0,0,0,0,0,0,0,0,0,0,0,
0,0,0,0,0,0,0
