6,10,0,6,2024,610000,10,457544,36042,750000,0,0,101825,0,0,895801,-510611,1730602,25,0,0,0,0,0,0,0,0,0,0,0,35,,,,,,,,,49771,,49771,45,,,,,,,,,,12766,12766,80,,0,0,0,,0,0,0,19,,19,70,,0,0,0,,0,0,0,-21540,,-21540,75,125,,300000,0,,,,,,,300125,85,-131,,0,0,,,,,,,-131,95,,,,,0,,,,,,0,105,,0,,,,0,0,0,,,0,120,0,0,0,0,0,0,0,0,-3221,0,-3221,130,457538,36042,1050000,0,0,101825,0,0,920831,-497845,2068391
6,20,0,6,2024,620000,10,230693,330834,0,0,63668,0,413,0,2015085,-949997,1690695,25,0,0,0,0,0,0,0,0,0,0,0,35,,,,,,,,,66095,,66095,45,,,,,,,,,,-838,-838,80,,0,0,0,,0,0,0,-7578,,-7578,70,,0,0,0,,0,0,0,0,,0,75,11590,,0,0,,,,,,,11590,85,-4999,,0,0,,,,,,,-4999,95,,,,,0,,,,,,0,105,,-62,,,,0,0,0,,,-62,120,0,0,0,0,0,0,0,0,0,0,0,130,237285,330773,0,0,63668,0,413,0,2073602,-950835,1754905
6,22,0,6,2024,622000,10,3626576,2196067,0,0,0,0,0,0,3231471,-582071,8472043,25,0,0,0,0,0,0,0,0,0,0,0,35,,,,,,,,,194868,,194868,45,,,,,,,,,,26700,26700,80,,0,0,0,,0,0,0,-172006,,-172006,70,,0,0,0,,0,0,0,0,,0,75,157057,,0,0,,,,,,,157057,85,0,,0,0,,,,,,,0,95,,,,,0,,,,,,0,105,,0,,,,0,0,0,,,0,120,0,0,0,0,0,0,0,0,65371,0,65371,130,3783633,2196067,0,0,0,0,0,0,3319705,-555370,8744035
7,10,261,6,2024,710261,10,4631,0,0,0,47596,5707,46538,64937,125650,803,295862,25,0,0,0,0,0,0,0,0,0,0,0,35,,,,,,,,,13328,,13328,45,,,,,,,,,,-20,-20,80,,0,0,0,,0,0,0,64,,64,70,,0,0,0,,0,0,0,0,,0,75,74,,0,0,,,,,,,74,85,-677,,0,0,,,,,,,-677,95,,,,,0,,,,,,0,105,,0,,,,0,0,0,,,0,120,0,0,0,0,0,0,0,0,0,0,0,130,4028,0,0,0,47596,5707,46538,64937,139042,783,308632
7,10,269,6,2024,710269,10,4253,0,80000,0,72711,2401,14851,37631,229992,1243,443081,25,0,0,0,0,0,0,0,0,0,0,0,35,,,,,,,,,20130,,20130,45,,,,,,,,,,533,533,80,,0,0,0,,0,0,0,0,,0,70,,0,0,0,,0,0,0,-1150,,-1150,75,146,,0,0,,,,,,,146,85,-168,,0,0,,,,,,,-168,95,,,,,0,,,,,,0,105,,0,,,,0,0,0,,,0,120,0,0,0,0,0,0,0,0,0,0,0,130,4230,0,80000,0,72711,2401,14851,37631,248972,1776,462572
7,10,454,6,2024,710454,10,6228,0,0,0,124214,0,0,89774,252345,28,472590,25,0,0,0,0,0,0,0,0,0,0,0,35,,,,,,,,,18031,,18031,45,,,,,,,,,,-7,-7,80,,0,0,0,,0,0,0,-241,,-241,70,,0,0,0,,0,0,0,0,,0,75,156,,0,0,,,,,,,156,85,-140,,0,0,,,,,,,-140,95,,,,,0,,,,,,0,105,,0,,,,0,0,0,,,0,120,0,0,0,0,0,0,0,0,0,0,0,130,6245,0,0,0,124214,0,0,89774,270136,22,490391
7,10,549,6,2024,710549,10,2003,0,0,0,0,0,0,0,127770,216,129990,25,0,0,0,0,0,0,0,0,0,0,0,35,,,,,,,,,3847,,3847,45,,,,,,,,,,-3,-3,80,,0,0,0,,0,0,0,0,,0,70,,0,0,0,,0,0,0,0,,0,75,74,,0,0,,,,,,,74,85,-55,,0,0,,,,,,,-55,95,,,,,0,,,,,,0,105,,0,,,,0,0,0,,,0,120,0,0,0,0,0,0,0,0,0,0,0,130,2022,0,0,0,0,0,0,0,131617,214,133853
7,10,551,6,2024,710551,10,2606,0,0,0,0,0,0,0,100434,99,103139,25,0,0,0,0,0,0,0,0,0,0,0,35,,,,,,,,,2367,,2367,45,,,,,,,,,,-2,-2,80,,0,0,0,,0,0,,-1051,,-1051,70,,0,0,0,,0,0,0,0,,0,75,29,,0,0,,,,,,,29,85,-77,,0,0,,,,,,,-77,95,,,,,0,,,,,,0,105,,0,,,,0,0,0,,,0,120,0,0,0,0,0,0,0,0,1092,0,1092,130,2558,0,0,0,0,0,0,0,102842,97,105497
7,10,566,6,2024,710566,10,28104,0,200000,0,0,0,940471,0,693447,2795,1864817,25,0,0,0,0,0,0,0,0,0,0,0,35,,,,,,,,,71329,,71329,45,,,,,,,,,,-55,-55,80,,0,0,0,,0,1,0,0,,1,70,,0,0,0,,0,0,0,-2500,,-2500,75,892,,0,0,,,,,,,892,85,-786,,0,0,,,,,,,-786,95,,,,,0,,,,,,0,105,,0,,,,0,0,0,,,0,120,0,0,0,0,0,0,0,0,0,0,0,130,28210,0,200000,0,0,0,940472,0,762276,2740,1933698
7,10,862,6,2024,710862,10,1161,0,0,0,0,0,0,23929,42822,68,67980,25,0,0,0,0,0,0,0,0,0,0,0,35,,,,,,,,,1343,,1343,45,,,,,,,,,,-1,-1,80,,0,0,0,,0,0,0,0,,0,70,,0,0,0,,0,0,0,0,,0,75,31,,0,0,,,,,,,31,85,-20,,0,0,,,,,,,-20,95,,,,,0,,,,,,0,105,,0,,,,0,0,0,,,0,120,0,0,0,0,0,0,0,0,0,0,0,130,1172,0,0,0,0,0,0,23929,44165,67,69333
7,10,924,6,2024,710924,10,2966,0,0,0,0,0,0,0,193243,36,196244,25,0,0,0,0,0,0,0,0,0,0,0,35,,,,,,,,,5160,,5160,45,,,,,,,,,,-6,-6,80,,0,0,0,,0,0,0,0,,0,70,,0,0,0,,0,0,0,0,,0,75,93,,0,0,,,,,,,93,85,-69,,0,0,,,,,,,-69,95,,,,,0,,,,,,0,105,,0,,,,0,0,0,,,0,120,0,0,0,0,0,0,0,0,0,0,0,130,2989,0,0,0,0,0,0,0,198403,30,201422
7,10,973,6,2024,710973,10,4234,0,0,0,0,0,0,0,165335,170,169739,25,0,0,0,0,0,0,0,0,0,0,0,35,,,,,,,,,4327,,4327,45,,,,,,,,,,-2,-2,80,,0,0,0,,0,0,0,0,,0,70,,0,0,0,,0,0,0,0,,0,75,172,,0,0,,,,,,,172,85,-114,,0,0,,,,,,,-114,95,,,,,0,,,,,,0,105,,0,,,,0,0,0,,,0,120,0,0,0,0,0,0,0,0,0,0,0,130,4291,0,0,0,0,0,0,0,169662,167,174121
7,10,981,6,2024,710981,10,5480,0,0,0,10239,0,62453,61273,82726,496,222666,25,0,0,0,0,0,0,0,0,0,0,0,35,,,,,,,,,7104,,7104,45,,,,,,,,,,-9,-9,80,,0,0,0,,0,0,0,0,,0,70,,0,0,0,,0,0,0,0,,0,75,245,,0,0,,,,,,,245,85,-142,,0,0,,,,,,,-142,95,,,,,0,,,,,,0,105,,0,,,,0,0,0,,,0,120,0,0,0,0,0,0,0,0,0,0,0,130,5583,0,0,0,10239,0,62453,61273,89829,487,229865
7,10,985,6,2024,710985,10,3454,0,0,0,0,0,0,0,147407,289,151150,25,0,0,0,0,0,0,0,0,0,0,0,35,,,,,,,,,3661,,3661,45,,,,,,,,,,-3,-3,80,,0,0,0,,0,0,0,0,,0,70,,0,0,0,,0,0,0,0,,0,75,107,,0,0,,,,,,,107,85,-80,,0,0,,,,,,,-80,95,,,,,0,,,,,,0,105,,0,,,,0,0,0,,,0,120,0,0,0,0,0,0,0,0,0,0,0,130,3481,0,0,0,0,0,0,0,151068,286,154835
7,10,990,6,2024,710990,10,4494,0,0,0,0,0,0,0,229795,351,234641,25,0,0,0,0,0,0,0,0,0,0,0,35,,,,,,,,,4013,,4013,45,,,,,,,,,,-8,-8,80,,0,0,0,,0,0,0,0,,0,70,,0,0,0,,0,0,0,0,,0,75,175,,0,0,,,,,,,175,85,-141,,0,0,,,,,,,-141,95,,,,,0,,,,,,0,105,,0,,,,0,0,0,,,0,120,0,0,0,0,0,0,0,0,2,0,2,130,4528,0,0,0,0,0,0,0,233810,344,238682
7,20,33,6,2024,720033,10,52931,0,0,0,0,0,126433,129924,339228,-7010,641506,25,0,0,0,0,0,0,0,0,0,0,0,35,,,,,,,,,15097,,15097,45,,,,,,,,,,0,0,80,,0,0,0,,0,0,0,0,,0,70,,0,0,0,,0,0,0,0,,0,75,369,,0,0,,,,,,,369,85,-231,,0,0,,,,,,,-231,95,,,,,0,,,,,,0,105,,0,,,,0,0,0,,,0,120,0,0,0,0,0,0,0,0,0,0,0,130,53068,0,0,0,0,0,126433,129924,354325,-7010,656741
7,20,40,6,2024,720040,10,4535,0,0,0,0,0,3176,99670,40258,0,147639,25,0,0,0,0,0,0,0,0,0,0,0,35,,,,,,,,,3970,,3970,45,,,,,,,,,,0,0,80,,0,0,0,,0,0,-28,48,,20,70,,0,0,0,,0,0,0,0,,0,75,141,,0,0,,,,,,,141,85,-71,,0,0,,,,,,,-71,95,,,,,0,,,,,,0,105,,0,,,,0,0,0,,,0,120,0,0,0,0,0,0,0,0,0,0,0,130,4606,0,0,0,0,0,3176,99642,44276,0,151699
7,20,60,6,2024,720060,10,507,0,0,0,0,0,0,0,60161,0,60668,25,0,0,0,0,0,0,0,0,0,0,0,35,,,,,,,,,998,,998,45,,,,,,,,,,0,0,80,,0,0,0,,0,0,0,0,,0,70,,0,0,0,,0,0,0,0,,0,75,22,,0,0,,,,,,,22,85,-14,,0,0,,,,,,,-14,95,,,,,0,,,,,,0,105,,0,,,,0,0,0,,,0,120,0,0,0,0,0,0,0,0,0,0,0,130,514,0,0,0,0,0,0,0,61160,0,61673
7,20,66,6,2024,720066,10,22856,0,0,0,96458,0,78656,0,627243,-120,825093,25,0,0,0,0,0,0,0,0,0,0,0,35,,,,,,,,,29118,,29118,45,,,,,,,,,,15,15,80,,0,0,0,,0,2,0,0,,2,70,,0,0,0,,0,0,0,0,,0,75,933,,0,0,,,,,,,933,85,-1120,,0,0,,,,,,,-1120,95,,,,,0,,,,,,0,105,,0,,,,0,-23820,0,,,-23820,120,0,0,0,0,0,0,0,0,0,0,0,130,22669,0,0,0,96458,0,54838,0,656361,-105,830220
7,20,131,6,2024,720131,10,1992,0,0,0,0,611,35157,40859,44237,-101,122755,25,0,0,0,0,0,0,0,0,0,0,0,35,,,,,,,,,4496,,4496,45,,,,,,,,,,1,1,80,,0,0,0,,0,0,0,0,,0,70,,0,0,0,,0,0,0,0,,0,75,71,,0,0,,,,,,,71,85,-70,,0,0,,,,,,,-70,95,,,,,0,,,,,,0,105,,0,,,,0,0,0,,,0,120,0,0,0,0,0,0,0,0,0,0,0,130,1993,0,0,0,0,611,35157,40859,48732,-100,127252
7,20,143,6,2024,720143,10,5315,0,0,0,0,0,0,0,200969,16,206301,25,0,0,0,0,0,0,0,0,0,0,0,35,,,,,,,,,4540,,4540,45,,,,,,,,,,14,14,80,,0,0,0,,0,0,0,0,,0,70,,0,0,0,,0,0,0,0,,0,75,128,,0,0,,,,,,,128,85,-41,,0,0,,,,,,,-41,95,,,,,0,,,,,,0,105,,0,,,,0,0,0,,,0,120,0,0,0,0,0,0,0,0,0,0,0,130,5402,0,0,0,0,0,0,0,205510,30,210942
7,20,168,6,2024,720168,10,1602,0,0,0,0,0,0,9707,120655,0,131965,25,0,0,0,0,0,0,0,0,0,0,0,35,,,,,,,,,2180,,2180,45,,,,,,,,,,0,0,80,,0,0,0,,0,0,0,-107,,-107,70,,0,0,0,,0,0,0,0,,0,75,35,,0,0,,,,,,,35,85,-1,,0,0,,,,,,,-1,95,,,,,0,,,,,,0,105,,0,,,,0,0,0,,,0,120,0,0,0,0,0,0,0,0,0,0,0,130,1636,0,0,0,0,0,0,9707,122728,0,134071
7,20,186,6,2024,720186,10,1523,0,0,0,0,0,0,36420,58966,0,96909,25,0,0,0,0,0,0,0,0,0,0,0,35,,,,,,,,,1650,,1650,45,,,,,,,,,,0,0,80,,0,0,0,,0,0,0,0,,0,70,,0,0,0,,0,0,0,0,,0,75,65,,0,0,,,,,,,65,85,-52,,0,0,,,,,,,-52,95,,,,,0,,,,,,0,105,,0,,,,0,0,0,,,0,120,0,0,0,0,0,0,0,0,0,0,0,130,1537,0,0,0,0,0,0,36420,60616,0,98573
7,20,188,6,2024,720188,10,1223,0,0,0,0,130,14124,2152,125072,654,143355,25,0,0,0,0,0,0,0,0,0,0,0,35,,,,,,,,,6835,,6835,45,,,,,,,,,,-38,-38,80,,0,0,0,,0,0,0,0,,0,70,,0,0,0,,0,0,0,0,,0,75,49,,0,0,,,,,,,49,85,-36,,0,0,,,,,,,-36,95,,,,,0,,,,,,0,105,,0,,,,0,0,0,,,0,120,0,0,0,0,0,0,0,0,0,0,0,130,1236,0,0,0,0,130,14124,2152,131907,616,150164
7,20,194,6,2024,720194,10,10904,0,0,0,0,0,0,92568,393403,-21,496854,25,0,0,0,0,0,0,0,0,0,0,0,35,,,,,,,,,10473,,10473,45,,,,,,,,,,0,0,80,,0,0,0,,0,0,0,0,,0,70,,0,0,0,,0,0,0,0,,0,75,338,,0,0,,,,,,,338,85,-272,,0,0,,,,,,,-272,95,,,,,0,,,,,,0,105,,0,,,,0,0,0,,,0,120,0,0,0,0,0,0,0,0,0,0,0,130,10969,0,0,0,0,0,0,92568,403877,-21,507392
7,20,336,6,2024,720336,10,4974,0,0,0,0,48272,0,0,235996,95,289337,25,0,0,0,0,0,0,0,0,0,0,0,35,,,,,,,,,9599,,9599,45,,,,,,,,,,0,0,80,,0,0,0,,0,0,0,0,,0,70,,0,0,0,,0,0,0,0,,0,75,189,,0,0,,,,,,,189,85,-134,,0,0,,,,,,,-134,95,,,,,0,,,,,,0,105,,0,,,,-7840,0,0,,,-7840,120,0,0,0,0,0,0,0,0,0,0,0,130,5029,0,0,0,0,40432,0,0,245595,95,291151
7,20,345,6,2024,720345,10,21616,0,0,0,267216,0,0,617439,330418,-147,1236543,25,0,0,0,0,0,0,0,0,0,0,0,35,,,,,,,,,34888,,34888,45,,,,,,,,,,0,0,80,,0,0,0,,0,0,0,-140,,-140,70,,0,0,0,,0,0,0,0,,0,75,614,,0,0,,,,,,,614,85,-360,,0,0,,,,,,,-360,95,,,,,0,,,,,,0,105,,0,,,,0,0,0,,,0,120,0,0,0,0,0,0,0,0,0,0,0,130,21870,0,0,0,267216,0,0,617439,365166,-147,1271545
7,20,376,6,2024,720376,10,2820,0,0,0,7873,0,56830,91453,201491,-142,360325,25,0,0,0,0,0,0,0,0,0,0,0,35,,,,,,,,,12959,,12959,45,,,,,,,,,,2,2,80,,0,0,0,,0,0,0,0,,0,70,,0,0,0,,0,0,0,0,,0,75,83,,0,0,,,,,,,83,85,-89,,0,0,,,,,,,-89,95,,,,,0,,,,,,0,105,,0,,,,0,0,0,,,0,120,0,0,0,0,0,0,0,0,0,0,0,130,2814,0,0,0,7873,0,56830,91453,214450,-140,373280
7,20,440,6,2024,720440,10,7078,0,0,19191,65531,0,0,333883,90601,-184,516100,25,0,0,0,0,0,0,0,0,0,0,0,35,,,,,,,,,17473,,17473,45,,,,,,,,,,3,3,80,,0,0,0,,0,0,0,0,,0,70,,0,0,0,,0,0,0,-137,,-137,75,254,,0,1473,,,,,,,1727,85,-226,,0,-2310,,,,,,,-2536,95,,,,,0,,,,,,0,105,,0,,,,0,0,0,,,0,120,0,0,0,0,0,0,0,0,0,0,0,130,7105,0,0,18354,65531,0,0,333883,107938,-180,532630
7,20,899,6,2024,720899,10,8291,0,0,5764,0,0,0,366076,144213,0,524344,25,0,0,0,0,0,0,0,0,0,0,0,35,,,,,,,,,18664,,18664,45,,,,,,,,,,0,0,80,,0,0,0,,0,0,0,0,,0,70,,0,0,0,,0,0,0,-42,,-42,75,133,,0,30,,,,,,,162,85,-76,,0,-209,,,,,,,-286,95,,,,,0,,,,,,0,105,,0,,,,0,0,0,,,0,120,0,0,0,0,0,0,0,0,0,0,0,130,8348,0,0,5585,0,0,0,366076,162835,0,542843
7,20,922,6,2024,720922,10,4924,0,0,0,15817,0,0,61416,47204,0,129363,25,0,0,0,0,0,0,0,0,0,0,0,35,,,,,,,,,3309,,3309,45,,,,,,,,,,0,0,80,,0,0,0,,0,0,0,0,,0,70,,0,0,0,,0,0,0,0,,0,75,66,,0,0,,,,,,,66,85,-39,,0,0,,,,,,,-39,95,,,,,0,,,,,,0,105,,0,,,,0,0,0,,,0,120,0,0,0,0,0,0,0,0,0,0,0,130,4951,0,0,0,15817,0,0,61416,50514,0,132698
7,22,12,6,2024,722012,10,26538,0,0,0,0,0,0,499090,1952991,-2294,2476324,25,0,0,0,0,0,0,0,0,0,0,0,35,,,,,,,,,77388,,77388,45,,,,,,,,,,57,57,80,,0,0,0,,0,0,0,-29934,,-29934,70,,0,0,0,,0,0,0,0,,0,75,610,,0,0,,,,,,,610,85,-357,,0,0,,,,,,,-357,95,,,,,0,,,,,,0,105,,0,,,,0,0,0,,,0,120,0,0,0,0,0,0,0,0,0,0,0,130,26790,0,0,0,0,0,0,499090,2000445,-2238,2524087
7,22,114,6,2024,722114,10,1943,0,0,0,0,0,0,130602,230599,-913,362231,25,0,0,0,0,0,0,0,0,0,0,0,35,,,,,,,,,8332,,8332,45,,,,,,,,,,29,29,80,,0,0,0,,0,0,0,-3073,,-3073,70,,0,0,0,,0,0,0,0,,0,75,19,,0,0,,,,,,,19,85,-36,,0,0,,,,,,,-36,95,,,,,0,,,,,,0,105,,0,,,,0,0,0,,,0,120,0,0,0,0,0,0,0,0,0,0,0,130,1927,0,0,0,0,0,0,130602,235859,-885,367503
7,22,146,6,2024,722146,10,8158,0,0,0,0,0,0,0,1240984,-1175,1247967,25,0,0,0,0,0,0,0,0,0,0,0,35,,,,,,,,,28589,,28589,45,,,,,,,,,,46,46,80,,0,0,0,,0,0,0,0,,0,70,,0,0,0,,0,0,0,0,,0,75,163,,0,0,,,,,,,163,85,-84,,0,0,,,,,,,-84,95,,,,,0,,,,,,0,105,,0,,,,0,0,0,,,0,120,0,0,0,0,0,0,0,0,0,0,0,130,8237,0,0,0,0,0,0,0,1269573,-1128,1276681
7,22,198,6,2024,722198,10,0,0,0,0,0,0,0,1973866,5727071,0,7700936,25,0,0,0,0,0,0,0,0,0,0,0,35,,,,,,,,,242910,,242910,45,,,,,,,,,,0,0,80,,0,0,0,,0,0,0,0,,0,70,,0,0,0,,0,0,0,0,,0,75,2489,,0,0,,,,,,,2489,85,-1810,,0,0,,,,,,,-1810,95,,,,,0,,,,,,0,105,,0,,,,0,0,0,,,0,120,-679,0,0,0,0,0,0,0,0,0,-679,130,0,0,0,0,0,0,0,1973866,5969980,0,7943846
7,22,216,6,2024,722216,10,0,0,0,0,662638,0,0,0,2033287,-7277,2688648,25,0,0,0,0,0,0,0,0,0,0,0,35,,,,,,,,,72845,,72845,45,,,,,,,,,,198,198,80,,0,0,0,,0,0,0,-24600,,-24600,70,,0,0,0,,0,0,0,0,,0,75,249,,0,0,,,,,,,249,85,-194,,0,0,,,,,,,-194,95,,,,,0,,,,,,0,105,,0,,,,0,0,0,,,0,120,-55,0,0,0,0,0,0,0,0,0,-55,130,0,0,0,0,662638,0,0,0,2081532,-7079,2737092
7,22,233,6,2024,722233,10,86353,0,0,0,219777,0,0,0,5897039,-1252,6201917,25,0,0,0,0,0,0,0,0,0,0,0,35,,,,,,,,,149470,,149470,45,,,,,,,,,,38,38,80,,0,0,0,,0,0,0,-67500,,-67500,70,,0,0,0,,0,0,0,0,,0,75,2743,,0,0,,,,,,,2743,85,-1024,,0,0,,,,,,,-1024,95,,,,,0,,,,,,0,105,,0,,,,0,0,0,,,0,120,0,0,0,0,0,0,0,0,0,0,0,130,88071,0,0,0,219777,0,0,0,5979009,-1214,6285644
7,22,313,6,2024,722313,10,6230,0,0,0,0,0,0,0,383390,0,389620,25,0,0,0,0,0,0,0,0,0,0,0,35,,,,,,,,,9906,,9906,45,,,,,,,,,,0,0,80,,0,0,0,,0,0,0,-2625,,-2625,70,,0,0,0,,0,0,0,0,,0,75,158,,0,0,,,,,,,158,85,-166,,0,0,,,,,,,-166,95,,,,,0,,,,,,0,105,,0,,,,0,0,0,,,0,120,0,0,0,0,0,0,0,0,0,0,0,130,6222,0,0,0,0,0,0,0,390671,0,396892
7,22,350,6,2024,722350,10,3466,0,0,0,0,0,0,0,471498,-604,474361,25,0,0,0,0,0,0,0,0,0,0,0,35,,,,,,,,,13573,,13573,45,,,,,,,,,,14,14,80,,0,0,0,,0,0,0,-2922,,-2922,70,,0,0,0,,0,0,0,0,,0,75,117,,0,0,,,,,,,117,85,-42,,0,0,,,,,,,-42,95,,,,,0,,,,,,0,105,,0,,,,0,0,0,,,0,120,0,0,0,0,0,0,0,0,0,0,0,130,3541,0,0,0,0,0,0,0,482149,-589,485100
7,22,406,6,2024,722406,10,1659,0,0,0,0,0,0,0,209163,29,210851,25,0,0,0,0,0,0,0,0,0,0,0,35,,,,,,,,,5076,,5076,45,,,,,,,,,,0,0,80,,0,0,0,,0,0,0,-1503,,-1503,70,,0,0,0,,0,0,0,0,,0,75,22,,0,0,,,,,,,22,85,-24,,0,0,,,,,,,-24,95,,,,,0,,,,,,0,105,,0,,,,0,0,0,,,0,120,0,0,0,0,0,0,0,0,0,0,0,130,1657,0,0,0,0,0,0,0,212736,29,214422
7,22,644,6,2024,722644,10,12304,0,0,0,0,0,0,0,1200788,-763,1212330,25,0,0,0,0,0,0,0,0,0,0,0,35,,,,,,,,,34311,,34311,45,,,,,,,,,,33,33,80,,0,0,0,,0,0,0,-10762,,-10762,70,,0,0,0,,0,0,0,0,,0,75,275,,0,0,,,,,,,275,85,-220,,0,0,,,,,,,-220,95,,,,,0,,,,,,0,105,,0,,,,0,0,0,,,0,120,0,0,0,0,0,0,0,0,0,0,0,130,12360,0,0,0,0,0,0,0,1224337,-730,1235968
7,22,918,6,2024,722918,10,11879,0,100000,0,1780603,0,162843,739014,2182928,-7122,4970144,25,0,0,0,0,0,0,0,0,0,0,0,35,,,,,,,,,104333,,104333,45,,,,,,,,,,153,153,80,,0,0,0,,0,0,0,-36905,,-36905,70,,0,0,0,,0,0,0,-1219,,-1219,75,2437,,0,0,,,,,,,2437,85,-842,,0,0,,,,,,,-842,95,,,,,0,,,,,,0,105,,0,,,,0,-62,0,,,-62,120,-2480,0,0,0,0,0,0,0,-3250,0,-5730,130,10994,0,100000,0,1780603,0,162780,739014,2245888,-6969,5032310
7,25,31,6,2024,725031,10,507,0,0,0,0,0,0,32245,42986,0,75738,25,0,0,0,0,0,0,0,0,0,0,0,35,,,,,,,,,1893,,1893,45,,,,,,,,,,0,0,80,,0,0,0,,0,0,0,0,,0,70,,0,0,0,,0,0,0,0,,0,75,47,,0,0,,,,,,,47,85,-33,,0,0,,,,,,,-33,95,,,,,0,,,,,,0,105,,0,,,,0,0,0,,,0,120,0,0,0,0,0,0,0,0,0,0,0,130,521,0,0,0,0,0,0,32245,44879,0,77645
7,25,131,6,2024,725131,10,3715,0,0,0,55558,0,0,0,313206,-3,372476,25,0,0,0,0,0,0,0,0,0,0,0,35,,,,,,,,,9795,,9795,45,,,,,,,,,,0,0,80,,0,0,0,,0,0,0,3,,3,70,,0,0,0,,0,0,0,0,,0,75,92,,0,0,,,,,,,92,85,-69,,0,0,,,,,,,-69,95,,,,,0,,,,,,0,105,,0,,,,0,0,0,,,0,120,0,0,0,0,0,0,0,0,0,0,0,130,3739,0,0,0,55558,0,0,0,323005,-3,382298
7,25,203,6,2024,725203,10,11665,0,300000,0,935386,0,0,239507,2107944,-15189,3579313,25,0,0,0,0,0,0,0,0,0,0,0,35,,,,,,,,,121464,,121464,45,,,,,,,,,,1376,1376,80,,0,0,0,,0,0,0,1528,,1528,70,,0,0,0,,0,0,0,-3938,,-3938,75,211,,0,0,,,,,,,211,85,-171,,0,0,,,,,,,-171,95,,,,,0,,,,,,0,105,,0,,,,0,0,0,,,0,120,0,0,0,0,0,0,0,0,0,0,0,130,11706,0,300000,0,935386,0,0,239507,2226998,-13813,3699784
7,25,247,6,2024,725247,10,1533,0,0,0,0,0,0,188942,118920,0,309396,25,0,0,0,0,0,0,0,0,0,0,0,35,,,,,,,,,9994,,9994,45,,,,,,,,,,0,0,80,,0,0,0,,0,0,0,-2534,,-2534,70,,0,0,0,,0,0,0,0,,0,75,25,,0,0,,,,,,,25,85,-23,,0,0,,,,,,,-23,95,,,,,0,,,,,,0,105,,0,,,,0,0,0,,,0,120,0,0,0,0,0,0,0,0,0,0,0,130,1534,0,0,0,0,0,0,188942,126380,0,316857
7,25,326,6,2024,725326,10,19045,0,0,0,354163,0,0,1106018,780315,-50311,2209231,25,0,0,0,0,0,0,0,0,0,0,0,35,,,,,,,,,85521,,85521,45,,,,,,,,,,3339,3339,80,,0,0,0,,0,0,0,-33250,,-33250,70,,0,0,0,,0,0,0,0,,0,75,485,,0,0,,,,,,,485,85,-328,,0,0,,,,,,,-328,95,,,,,0,,,,,,0,105,,0,,,,0,0,0,,,0,120,0,0,0,0,0,0,0,0,0,0,0,130,19202,0,0,0,354163,0,0,1106018,832586,-46972,2264998
7,25,355,6,2024,725355,10,4603,0,0,0,2149282,0,0,2210421,1361373,-39846,5685833,25,0,0,0,0,0,0,0,0,0,0,0,35,,,,,,,,,186452,,186452,45,,,,,,,,,,-2415,-2415,80,,0,0,0,,0,0,0,-105486,,-105486,70,,0,0,0,,0,0,0,0,,0,75,0,,0,0,,,,,,,0,85,-25,,0,0,,,,,,,-25,95,,,,,0,,,,,,0,105,,0,,,,0,0,0,,,0,120,-4578,0,0,0,0,0,0,0,0,0,-4578,130,0,0,0,0,2149282,0,0,2210421,1442340,-42262,5759781
7,25,429,6,2024,725429,10,1788,0,0,17968,69380,0,0,0,262502,-3,351634,25,0,0,0,0,0,0,0,0,0,0,0,35,,,,,,,,,11413,,11413,45,,,,,,,,,,0,0,80,,0,0,0,,0,0,0,0,,0,70,,0,0,0,,0,0,0,-293,,-293,75,43,,0,1251,,,,,,,1294,85,-23,,0,0,,,,,,,-23,95,,,,,0,,,,,,0,105,,0,,,,0,0,0,,,0,120,0,0,0,0,0,0,0,0,0,0,0,130,1807,0,0,19219,69380,0,0,0,273622,-3,364025
7,25,450,6,2024,725450,10,1898,0,0,0,0,0,0,579453,209579,1,790932,25,0,0,0,0,0,0,0,0,0,0,0,35,,,,,,,,,25415,,25415,45,,,,,,,,,,0,0,80,,0,0,0,,0,0,0,0,,0,70,,0,0,0,,0,0,0,0,,0,75,29,,0,0,,,,,,,29,85,-30,,0,0,,,,,,,-30,95,,,,,0,,,,,,0,105,,0,,,,0,0,0,,,0,120,0,0,0,0,0,0,0,0,0,0,0,130,1897,0,0,0,0,0,0,579453,234994,1,816345
7,25,466,6,2024,725466,10,544,0,0,0,0,0,0,0,153289,0,153833,25,0,0,0,0,0,0,0,0,0,0,0,35,,,,,,,,,4420,,4420,45,,,,,,,,,,0,0,80,,0,0,0,,0,0,0,-1348,,-1348,70,,0,0,0,,0,0,0,0,,0,75,11,,0,0,,,,,,,11,85,-6,,0,0,,,,,,,-6,95,,,,,0,,,,,,0,105,,0,,,,0,0,0,,,0,120,0,0,0,0,0,0,0,0,0,0,0,130,549,0,0,0,0,0,0,0,156361,0,156910
7,25,488,6,2024,725488,10,821,0,0,0,0,0,0,0,221314,-432,221703,25,0,0,0,0,0,0,0,0,0,0,0,35,,,,,,,,,6275,,6275,45,,,,,,,,,,25,25,80,,0,0,0,,0,0,0,0,,0,70,,0,0,0,,0,0,0,0,,0,75,8,,0,0,,,,,,,8,85,-7,,0,0,,,,,,,-7,95,,,,,0,,,,,,0,105,,0,,,,0,0,0,,,0,120,0,0,0,0,0,0,0,0,0,0,0,130,822,0,0,0,0,0,0,0,227589,-406,228005
7,25,629,6,2024,725629,10,2876,0,0,0,146591,0,0,0,187760,-1795,335432,25,0,0,0,0,0,0,0,0,0,0,0,35,,,,,,,,,9153,,9153,45,,,,,,,,,,121,121,80,,0,0,0,,0,0,0,0,,0,70,,0,0,0,,0,0,0,0,,0,75,62,,0,0,,,,,,,62,85,-40,,0,0,,,,,,,-40,95,,,,,0,,,,,,0,105,,0,,,,0,0,0,,,0,120,0,0,0,0,0,0,0,0,0,0,0,130,2898,0,0,0,146591,0,0,0,196913,-1674,344728
7,25,676,6,2024,725676,10,716,0,0,0,0,0,0,0,325907,0,326623,25,0,0,0,0,0,0,0,0,0,0,0,35,,,,,,,,,6151,,6151,45,,,,,,,,,,0,0,80,,0,0,0,,0,0,0,0,,0,70,,0,0,0,,0,0,0,0,,0,75,8,,0,0,,,,,,,8,85,-14,,0,0,,,,,,,-14,95,,,,,0,,,,,,0,105,,0,,,,0,0,0,,,0,120,0,0,0,0,0,0,0,0,0,0,0,130,710,0,0,0,0,0,0,0,332057,0,332767
7,25,715,6,2024,725715,10,724,0,0,0,0,0,0,0,113910,0,114634,25,0,0,0,0,0,0,0,0,0,0,0,35,,,,,,,,,2799,,2799,45,,,,,,,,,,0,0,80,,0,0,0,,0,0,0,0,,0,70,,0,0,0,,0,0,0,0,,0,75,9,,0,0,,,,,,,9,85,-12,,0,0,,,,,,,-12,95,,,,,0,,,,,,0,105,,0,,,,0,0,0,,,0,120,0,0,0,0,0,0,0,0,0,0,0,130,721,0,0,0,0,0,0,0,116710,0,117431
7,25,818,6,2024,725818,10,1353,0,0,0,141442,0,0,142989,159668,36,445488,25,0,0,0,0,0,0,0,0,0,0,0,35,,,,,,,,,4738,,4738,45,,,,,,,,,,-4,-4,80,,0,0,0,,0,0,0,19,,19,70,,0,0,0,,0,0,0,0,,0,75,19,,0,0,,,,,,,19,85,-25,,0,0,,,,,,,-25,95,,,,,0,,,,,,0,105,,0,,,,0,0,0,,,0,120,0,0,0,0,0,0,0,0,0,0,0,130,1347,0,0,0,141442,0,0,142989,164425,32,450235
7,25,839,6,2024,725839,10,0,0,0,0,0,0,0,0,592462,0,592462,25,0,0,0,0,0,0,0,0,0,0,0,35,,,,,,,,,16034,,16034,45,,,,,,,,,,0,0,80,,0,0,0,,0,0,0,0,,0,70,,0,0,0,,0,0,0,0,,0,75,155,,0,0,,,,,,,155,85,-115,,0,0,,,,,,,-115,95,,,,,0,,,,,,0,105,,0,,,,0,0,0,,,0,120,-40,0,0,0,0,0,0,0,0,0,-40,130,0,0,0,0,0,0,0,0,608496,0,608496
7,25,940,6,2024,725940,10,1857,0,0,8226,0,0,0,0,309300,0,319383,25,0,0,0,0,0,0,0,0,0,0,0,35,,,,,,,,,6114,,6114,45,,,,,,,,,,0,0,80,,0,0,0,,0,0,0,0,,0,70,,0,0,102,,0,0,0,-93,,9,75,47,,0,0,,,,,,,47,85,-31,,0,-809,,,,,,,-840,95,,,,,0,,,,,,0,105,,0,,,,0,0,0,,,0,120,0,0,0,0,0,0,0,0,0,0,0,130,1872,0,0,7519,0,0,0,0,315321,0,324713
8,10,586,6,2024,810586,10,2371,0,0,0,0,0,0,0,165773,239,168384,25,0,0,0,0,0,0,0,0,0,0,0,35,,,,,,,,,5872,,5872,45,,,,,,,,,,-9,-9,80,,0,0,0,,0,0,0,0,,0,70,,0,0,0,,0,0,0,0,,0,75,83,,0,0,,,,,,,83,85,-41,,0,0,,,,,,,-41,95,,,,,0,,,,,,0,105,,0,,,,0,0,0,,,0,120,0,0,0,0,0,0,0,0,0,0,0,130,2413,0,0,0,0,0,0,0,171645,230,174289
9,25,0,6,2024,925000,10,689971,3373163,1625205,0,0,0,0,3437439,3764607,-1566023,11324362,25,0,0,0,0,0,0,0,0,0,0,0,35,,,,,,,,,417783,,417783,45,,,,,,,,,,96809,96809,80,,32663,0,0,,0,0,0,-226890,,-194226,70,,0,0,0,,0,0,0,-28442,,-28442,75,18,,300000,0,,,,,,,300018,85,-65,,0,0,,,,,,,-65,95,,,,,0,,,,,,0,105,,0,,,,0,0,0,,,0,120,0,0,0,0,0,0,0,0,-3241,0,-3241,130,689924,3405826,1925205,0,0,0,0,3437439,3923818,-1469214,11912998
20,0,2,6,2024,2000002,10,0,0,0,0,1933,44918,0,0,-24318,-11124,11409,25,0,0,0,0,0,0,0,0,0,0,0,35,,,,,,,,,1567,,1567,45,,,,,,,,,,0,0,80,,0,0,0,,0,0,0,0,,0,70,,0,0,0,,0,0,0,0,,0,75,0,,0,0,,,,,,,0,85,0,,0,0,,,,,,,0,95,,,,,0,,,,,,0,105,,0,,,,0,0,0,,,0,120,0,0,0,0,0,0,0,0,0,0,0,130,0,0,0,0,1933,44918,0,0,-22751,-11124,12976
20,0,4,6,2024,2000004,10,30766,0,0,0,283000,0,0,0,236512,0,550278,25,0,0,0,0,0,0,0,0,0,0,0,35,,,,,,,,,11524,,11524,45,,,,,,,,,,0,0,80,,0,0,0,,0,0,0,0,,0,70,,0,0,0,,0,0,0,0,,0,75,0,,0,0,,,,,,,0,85,0,,0,0,,,,,,,0,95,,,,,0,,,,,,0,105,,0,,,,0,0,0,,,0,120,0,0,0,0,0,0,0,0,0,0,0,130,30766,0,0,0,283000,0,0,0,248036,0,561802
20,0,7,6,2024,2000007,10,0,0,0,27800,0,0,0,0,1674,-3336,26138,25,0,0,0,0,0,0,0,0,0,0,0,35,,,,,,,,,-118,,-118,45,,,,,,,,,,0,0,80,,0,0,0,,0,0,0,0,,0,70,,0,0,0,,0,0,0,0,,0,75,0,,0,0,,,,,,,0,85,0,,0,0,,,,,,,0,95,,,,,0,,,,,,0,105,,0,,,,0,0,0,,,0,120,0,0,0,0,0,0,0,0,0,0,0,130,0,0,0,27800,0,0,0,0,1556,-3336,26020
20,0,9,6,2024,2000009,10,340,0,0,0,0,8952,0,0,3437,-18,12710,25,0,0,0,0,0,0,0,0,0,0,0,35,,,,,,,,,-293,,-293,45,,,,,,,,,,5,5,80,,0,0,0,,-1391,0,0,1391,,0,70,,0,0,0,,0,0,0,0,,0,75,0,,0,0,,,,,,,0,85,-100,,0,0,,,,,,,-100,95,,,,,0,,,,,,0,105,,0,,,,0,0,0,,,0,120,0,0,0,0,0,0,0,0,0,0,0,130,240,0,0,0,0,7561,0,0,4535,-13,12323
20,0,11,6,2024,2000011,10,1169,0,0,0,0,0,0,0,232,0,1400,25,0,0,0,0,0,0,0,0,0,0,0,35,,,,,,,,,317,,317,45,,,,,,,,,,0,0,80,,0,0,0,,0,0,0,0,,0,70,,0,0,0,,0,0,0,0,,0,75,0,,0,0,,,,,,,0,85,0,,0,0,,,,,,,0,95,,,,,0,,,,,,0,105,,0,,,,0,0,0,,,0,120,0,0,0,0,0,0,0,0,0,0,0,130,1169,0,0,0,0,0,0,0,549,0,1718
20,0,12,6,2024,2000012,10,22500,0,0,0,0,0,0,0,2446,2,24949,25,0,0,0,0,0,0,0,0,0,0,0,35,,,,,,,,,-1399,,-1399,45,,,,,,,,,,0,0,80,,0,0,0,,0,0,0,0,,0,70,,0,0,0,,0,0,0,0,,0,75,0,,0,0,,,,,,,0,85,0,,0,0,,,,,,,0,95,,,,,0,,,,,,0,105,,0,,,,0,0,0,,,0,120,0,0,0,0,0,0,0,0,0,0,0,130,22500,0,0,0,0,0,0,0,1047,2,23549
